Overall entropy: 6.66800367196376
Size of tokens: 11519
Size of types: 590

word	freq	prob	entropy
ᎿᎼᎸ	1133	0.0983592325722719	3.345795711128822
ᎸᎸᎸ	1128	0.09792516711520097	3.352176504550544
ᎸᎸᎺ	498	0.04323291952426426	4.531725924881257
ᎸᎻᎺ	345	0.029950516537893913	5.061275305283806
ᎺᎺᎸ	310	0.02691205833839743	5.2156034516751
ᎸᎻᎻ	286	0.024828544144456986	5.331856520170948
ᎼᎸᎸ	234	0.02031426339091935	5.6213631373659325
ᎿᎸᎸ	232	0.02014063720809098	5.633746861821765
ᎺᎼᎸ	189	0.016407674277281015	5.929485432728265
ᎺᎻᎽ	159	0.013803281534855456	6.178844901664982
ᎸᎸᎹ	157	0.013629655352027086	6.19710710805771
ᎻᏁᎸ	151	0.013108776803541973	6.253323117624258
ᎸᎻᎹ	143	0.012414272072228493	6.331856520170948
ᎽᎺᎸ	142	0.012327458980814306	6.341980737444656
ᎽᏁᎸ	141	0.012240645889400121	6.3521765045505445
ᎿᎸᎽ	138	0.011980206615157566	6.383203400171169
ᏀᎺᎸ	137	0.01189339352374338	6.393695773988812
ᎸᎸᎻ	133	0.011546141158086639	6.4364454214481475
ᎼᎸᎿ	128	0.011112075701015713	6.491727856949337
ᏀᎾᎹ	128	0.011112075701015713	6.491727856949337
ᎸᎾᎸ	120	0.010417570969702231	6.584837261340819
ᎸᏁᎸ	116	0.01007031860404549	6.633746861821765
ᎺᎻᎻ	113	0.009809879329802934	6.67154889453415
ᏀᎸᎾ	113	0.009809879329802934	6.67154889453415
ᎼᎹᎽ	110	0.009549440055560379	6.710368143424678
ᏀᎹᎿ	109	0.009462626964146193	6.723543532172411
ᎿᏁᏀ	109	0.009462626964146193	6.723543532172411
ᎹᎿᎾ	109	0.009462626964146193	6.723543532172411
ᎿᎼᎹ	99	0.008594496050004341	6.862371236869728
ᏁᎺᎸ	99	0.008594496050004341	6.862371236869728
ᎹᎸᎸ	90	0.007813178227276674	6.9998747606196625
ᎺᎽᎽ	84	0.0072922996787915615	7.0994104341705775
ᎿᎾᎸ	81	0.007031860404549006	7.151877854064713
ᏀᎸᎻ	80	0.00694504731313482	7.169799762061976
ᏁᎸᎸ	76	0.00659779494747808	7.243800343505752
ᎹᎼᎸ	75	0.006510981856063894	7.262909166453457
ᏀᎼᎸ	73	0.006337355673235524	7.301903298069321
ᎽᎽᎸ	73	0.006337355673235524	7.301903298069321
ᎾᏁᎸ	71	0.006163729490407153	7.341980737444656
ᎼᎸᎽ	67	0.005816477124750413	7.425638666491565
ᎸᎻᎼ	65	0.005642850941922042	7.469360043920883
ᎿᎸᎾ	63	0.0054692247590936716	7.5144479334494205
ᎽᎸᎻ	63	0.0054692247590936716	7.5144479334494205
ᎸᎸᎼ	61	0.0052955985762653006	7.560990519386452
ᎾᎹᎿ	58	0.005035159302022745	7.633746861821765
ᎺᎻᎹ	57	0.004948346210608559	7.658837842784597
ᎸᎾᎹ	55	0.004774720027780189	7.710368143424678
ᎸᎹᎿ	54	0.004687906936366004	7.73684035478587
ᏀᎼᎽ	53	0.004601093844951819	7.7638074023861385
ᏀᏁᎺ	53	0.004601093844951819	7.7638074023861385
ᎻᎾᏀ	53	0.004601093844951819	7.7638074023861385
ᎾᎹᎽ	52	0.004514280753537633	7.7912881388082456
ᎹᎼᎺ	52	0.004514280753537633	7.7912881388082456
ᎸᎽᎽ	51	0.004427467662123448	7.819302514977842
ᎼᎾᎸ	47	0.004080215296466707	7.9371390052717
ᎿᎽᎺ	44	0.0038197760222241513	8.03229623831204
ᎹᎽᎹ	44	0.0038197760222241513	8.03229623831204
ᎼᎻᎽ	44	0.0038197760222241513	8.03229623831204
ᏁᎸᎼ	43	0.0037329629308099663	8.06546310224724
ᎼᎼᎸ	42	0.0036461498393957808	8.099410434170577
ᎽᏀᎽ	42	0.0036461498393957808	8.099410434170577
ᎻᏀᏀ	42	0.0036461498393957808	8.099410434170577
ᏀᎽᎸ	41	0.0035593367479815957	8.134175852331255
ᎾᏁᎺ	40	0.00347252365656741	8.169799762061976
ᎽᎿᎽ	38	0.00329889747373904	8.243800343505752
ᎿᏁᎸ	38	0.00329889747373904	8.243800343505752
ᎽᏁᎽ	37	0.0032120843823248545	8.282274491320388
ᎿᎹᎿ	36	0.0031252712909106695	8.321802855507025
ᎹᎺᎽ	36	0.0031252712909106695	8.321802855507025
ᎿᎼᎺ	35	0.003038458199496484	8.362444840004372
ᎽᎺᎿ	35	0.003038458199496484	8.362444840004372
ᎹᎽᎼ	33	0.0028648320166681134	8.447333737590885
ᎸᎹᎾ	32	0.0027780189252539283	8.491727856949337
ᏀᎻᎺ	31	0.0026912058338397432	8.537531546562462
ᎸᎸᎽ	30	0.0026043927424255577	8.58483726134082
ᎼᎹᎾ	29	0.0025175796510113727	8.633746861821766
ᏁᎺᎻ	28	0.002430766559597187	8.684372934891734
ᎸᎿᎸ	28	0.002430766559597187	8.684372934891734
ᎾᎻᎸ	28	0.002430766559597187	8.684372934891734
ᎼᎽᎽ	27	0.002343953468183002	8.736840354785869
ᎹᎽᎾ	27	0.002343953468183002	8.736840354785869
ᎻᎽᎸ	26	0.0022571403767688166	8.791288138808245
ᎼᎹᎻ	24	0.002083514193940446	8.906765356228181
ᎼᏀᎸ	24	0.002083514193940446	8.906765356228181
ᎹᎽᏀ	23	0.001996701102526261	8.968165900892325
ᎾᎻᎺ	22	0.0019098880111120757	9.03229623831204
ᎹᎾᎽ	22	0.0019098880111120757	9.03229623831204
ᎺᎺᎾ	22	0.0019098880111120757	9.03229623831204
ᎸᏁᎽ	21	0.0018230749196978904	9.099410434170577
ᎼᏁᎽ	21	0.0018230749196978904	9.099410434170577
ᎿᎼᎽ	21	0.0018230749196978904	9.099410434170577
ᎼᏀᎺ	19	0.00164944873686952	9.243800343505752
ᎻᎻᎽ	18	0.0015626356454553347	9.321802855507025
ᎸᏁᎹ	18	0.0015626356454553347	9.321802855507025
ᏀᎻᏀ	17	0.0014758225540411494	9.404265015698998
ᎹᎿᎽ	17	0.0014758225540411494	9.404265015698998
ᎽᎼᎸ	17	0.0014758225540411494	9.404265015698998
ᎺᎻᎾ	16	0.0013890094626269642	9.491727856949337
ᎹᎸᎼ	16	0.0013890094626269642	9.491727856949337
ᎸᎹᎻ	16	0.0013890094626269642	9.491727856949337
ᎻᏀᎺ	16	0.0013890094626269642	9.491727856949337
ᎻᏀᎼ	16	0.0013890094626269642	9.491727856949337
ᎽᎽᎽ	15	0.0013021963712127789	9.58483726134082
ᎻᎺᎹ	15	0.0013021963712127789	9.58483726134082
ᎼᎻᎾ	15	0.0013021963712127789	9.58483726134082
ᎺᎺᎺ	14	0.0012153832797985936	9.684372934891734
ᎾᎼᎽ	14	0.0012153832797985936	9.684372934891734
ᎽᎸᎸ	14	0.0012153832797985936	9.684372934891734
ᏀᎺᎼ	13	0.0011285701883844083	9.791288138808246
ᏀᎿᎿ	13	0.0011285701883844083	9.791288138808246
ᏁᎸᎾ	13	0.0011285701883844083	9.791288138808246
ᏁᎸᎽ	13	0.0011285701883844083	9.791288138808246
ᎻᎺᎸ	13	0.0011285701883844083	9.791288138808246
ᎸᎻᎽ	13	0.0011285701883844083	9.791288138808246
ᎼᏁᎹ	12	0.001041757096970223	9.906765356228181
ᎸᎼᏀ	12	0.001041757096970223	9.906765356228181
ᎻᎾᎽ	12	0.001041757096970223	9.906765356228181
ᎸᎾᎻ	12	0.001041757096970223	9.906765356228181
ᎻᎽᎼ	12	0.001041757096970223	9.906765356228181
ᎻᎹᏀ	12	0.001041757096970223	9.906765356228181
ᎹᎾᎿ	11	0.0009549440055560378	10.03229623831204
ᎻᎿᎼ	11	0.0009549440055560378	10.03229623831204
ᎼᎸᎾ	11	0.0009549440055560378	10.03229623831204
ᏀᎺᎹ	11	0.0009549440055560378	10.03229623831204
ᏁᎺᎹ	11	0.0009549440055560378	10.03229623831204
ᎽᎻᎸ	11	0.0009549440055560378	10.03229623831204
ᎹᎿᎹ	11	0.0009549440055560378	10.03229623831204
ᎸᎾᎼ	10	0.0008681309141418525	10.169799762061976
ᎾᎸᎽ	10	0.0008681309141418525	10.169799762061976
ᎻᎹᎿ	10	0.0008681309141418525	10.169799762061976
ᎾᎺᎽ	10	0.0008681309141418525	10.169799762061976
ᏀᎻᎹ	10	0.0008681309141418525	10.169799762061976
ᎾᎻᎾ	10	0.0008681309141418525	10.169799762061976
ᎼᎾᏀ	10	0.0008681309141418525	10.169799762061976
ᎽᎹᎸ	9	0.0007813178227276674	10.321802855507025
ᎹᎹᎹ	9	0.0007813178227276674	10.321802855507025
ᎾᎿᏁ	9	0.0007813178227276674	10.321802855507025
ᎸᎽᎾ	9	0.0007813178227276674	10.321802855507025
ᎼᎺᎺ	9	0.0007813178227276674	10.321802855507025
ᎹᎻᎸ	9	0.0007813178227276674	10.321802855507025
ᎸᏁᎿ	9	0.0007813178227276674	10.321802855507025
ᎽᏁᎿ	9	0.0007813178227276674	10.321802855507025
ᎸᎾᎽ	8	0.0006945047313134821	10.491727856949337
ᏀᏁᎸ	8	0.0006945047313134821	10.491727856949337
ᎻᎾᎸ	8	0.0006945047313134821	10.491727856949337
ᎹᎾᎹ	8	0.0006945047313134821	10.491727856949337
ᎸᎾᎾ	8	0.0006945047313134821	10.491727856949337
ᎼᏀᎼ	8	0.0006945047313134821	10.491727856949337
ᎸᎿᎺ	8	0.0006945047313134821	10.491727856949337
ᎿᏁᎼ	8	0.0006945047313134821	10.491727856949337
ᎿᎸᎺ	7	0.0006076916398992968	10.684372934891734
ᎹᎻᎿ	7	0.0006076916398992968	10.684372934891734
ᎿᎸᎻ	7	0.0006076916398992968	10.684372934891734
ᎹᎻᎾ	7	0.0006076916398992968	10.684372934891734
ᎸᎾᎿ	7	0.0006076916398992968	10.684372934891734
ᎾᏁᎿ	7	0.0006076916398992968	10.684372934891734
ᎼᎹᎿ	7	0.0006076916398992968	10.684372934891734
ᎼᎾᎿ	7	0.0006076916398992968	10.684372934891734
ᎽᎽᎼ	7	0.0006076916398992968	10.684372934891734
ᎿᎼᎾ	7	0.0006076916398992968	10.684372934891734
ᎽᎹᏁ	7	0.0006076916398992968	10.684372934891734
ᏁᎼᎺ	7	0.0006076916398992968	10.684372934891734
ᎻᎺᎾ	7	0.0006076916398992968	10.684372934891734
ᎿᎿᎾ	7	0.0006076916398992968	10.684372934891734
ᎽᎹᎹ	7	0.0006076916398992968	10.684372934891734
ᎹᏁᎸ	7	0.0006076916398992968	10.684372934891734
ᎻᏁᎹ	7	0.0006076916398992968	10.684372934891734
ᎿᎼᎿ	7	0.0006076916398992968	10.684372934891734
ᎽᎸᎼ	7	0.0006076916398992968	10.684372934891734
ᏀᎼᎼ	7	0.0006076916398992968	10.684372934891734
ᎸᏁᏀ	6	0.0005208785484851115	10.906765356228181
ᎼᎺᎻ	6	0.0005208785484851115	10.906765356228181
ᎽᎽᎺ	6	0.0005208785484851115	10.906765356228181
ᏀᎹᎺ	6	0.0005208785484851115	10.906765356228181
ᎸᎹᎽ	6	0.0005208785484851115	10.906765356228181
ᎾᎹᎹ	6	0.0005208785484851115	10.906765356228181
ᎻᎹᎽ	6	0.0005208785484851115	10.906765356228181
ᎻᎿᎸ	6	0.0005208785484851115	10.906765356228181
ᎼᎸᏀ	6	0.0005208785484851115	10.906765356228181
ᎽᎾᎽ	6	0.0005208785484851115	10.906765356228181
ᎺᎾᏁ	6	0.0005208785484851115	10.906765356228181
ᎺᎽᎸ	6	0.0005208785484851115	10.906765356228181
ᏀᎽᎾ	6	0.0005208785484851115	10.906765356228181
ᎿᏁᎹ	5	0.00043406545707092627	11.169799762061976
ᎼᎹᎹ	5	0.00043406545707092627	11.169799762061976
ᎾᎻᎼ	5	0.00043406545707092627	11.169799762061976
ᎽᎺᎾ	5	0.00043406545707092627	11.169799762061976
ᎻᎺᎻ	5	0.00043406545707092627	11.169799762061976
ᎾᎸᎻ	5	0.00043406545707092627	11.169799762061976
ᎺᎼᎻ	5	0.00043406545707092627	11.169799762061976
ᎿᎹᎹ	5	0.00043406545707092627	11.169799762061976
ᏀᏀᎸ	5	0.00043406545707092627	11.169799762061976
ᎻᏁᎺ	5	0.00043406545707092627	11.169799762061976
ᎺᎺᎹ	5	0.00043406545707092627	11.169799762061976
ᎹᎽᎸ	5	0.00043406545707092627	11.169799762061976
ᎽᎽᎾ	5	0.00043406545707092627	11.169799762061976
ᎾᎻᎿ	5	0.00043406545707092627	11.169799762061976
ᎻᎻᎿ	5	0.00043406545707092627	11.169799762061976
ᎼᎺᎹ	5	0.00043406545707092627	11.169799762061976
ᎺᎽᎿ	5	0.00043406545707092627	11.169799762061976
ᎹᎸᎹ	5	0.00043406545707092627	11.169799762061976
ᎻᎿᎹ	5	0.00043406545707092627	11.169799762061976
ᎼᎿᎺ	5	0.00043406545707092627	11.169799762061976
ᎾᎺᎾ	5	0.00043406545707092627	11.169799762061976
ᎺᎾᎿ	5	0.00043406545707092627	11.169799762061976
ᎸᏁᎻ	5	0.00043406545707092627	11.169799762061976
ᎺᎹᏁ	5	0.00043406545707092627	11.169799762061976
ᎺᏁᎿ	5	0.00043406545707092627	11.169799762061976
ᎹᎽᎽ	5	0.00043406545707092627	11.169799762061976
ᎿᏁᎺ	5	0.00043406545707092627	11.169799762061976
ᎽᏁᎺ	5	0.00043406545707092627	11.169799762061976
ᎼᎼᎻ	5	0.00043406545707092627	11.169799762061976
ᎸᎸᎾ	5	0.00043406545707092627	11.169799762061976
ᎽᎹᎽ	5	0.00043406545707092627	11.169799762061976
ᎻᎽᎻ	5	0.00043406545707092627	11.169799762061976
ᎺᎽᎺ	4	0.00034725236565674104	11.491727856949339
ᎾᏁᏀ	4	0.00034725236565674104	11.491727856949339
ᎿᎿᎻ	4	0.00034725236565674104	11.491727856949339
ᎿᎼᎼ	4	0.00034725236565674104	11.491727856949339
ᎹᎻᎺ	4	0.00034725236565674104	11.491727856949339
ᎽᎹᏀ	4	0.00034725236565674104	11.491727856949339
ᎿᎼᏁ	4	0.00034725236565674104	11.491727856949339
ᎻᏀᎸ	4	0.00034725236565674104	11.491727856949339
ᎺᏀᎽ	4	0.00034725236565674104	11.491727856949339
ᎺᏁᏀ	4	0.00034725236565674104	11.491727856949339
ᏁᎺᎼ	4	0.00034725236565674104	11.491727856949339
ᎼᎸᏁ	4	0.00034725236565674104	11.491727856949339
ᎿᎹᎺ	4	0.00034725236565674104	11.491727856949339
ᏁᎻᎸ	4	0.00034725236565674104	11.491727856949339
ᏁᎺᎿ	4	0.00034725236565674104	11.491727856949339
ᎹᎽᏁ	4	0.00034725236565674104	11.491727856949339
ᎸᎸᎿ	4	0.00034725236565674104	11.491727856949339
ᎸᎹᏁ	4	0.00034725236565674104	11.491727856949339
ᎻᎼᎾ	4	0.00034725236565674104	11.491727856949339
ᎻᎺᎺ	4	0.00034725236565674104	11.491727856949339
ᏀᎼᎺ	4	0.00034725236565674104	11.491727856949339
ᏀᎽᎹ	4	0.00034725236565674104	11.491727856949339
ᎻᎾᎺ	4	0.00034725236565674104	11.491727856949339
ᏀᎸᏀ	4	0.00034725236565674104	11.491727856949339
ᎼᎺᎾ	4	0.00034725236565674104	11.491727856949339
ᎸᎺᎿ	4	0.00034725236565674104	11.491727856949339
ᎺᎼᎺ	4	0.00034725236565674104	11.491727856949339
ᎺᎾᎻ	4	0.00034725236565674104	11.491727856949339
ᎽᎺᎹ	4	0.00034725236565674104	11.491727856949339
ᏀᎿᎹ	4	0.00034725236565674104	11.491727856949339
ᎺᎻᎼ	4	0.00034725236565674104	11.491727856949339
ᎺᎸᎺ	4	0.00034725236565674104	11.491727856949339
ᎽᎿᎺ	4	0.00034725236565674104	11.491727856949339
ᎼᎽᎾ	4	0.00034725236565674104	11.491727856949339
ᎾᎺᎹ	4	0.00034725236565674104	11.491727856949339
ᎸᎻᎾ	3	0.00026043927424255575	11.906765356228181
ᎺᎻᎺ	3	0.00026043927424255575	11.906765356228181
ᎸᎹᎼ	3	0.00026043927424255575	11.906765356228181
ᎺᎼᎹ	3	0.00026043927424255575	11.906765356228181
ᎿᎺᎸ	3	0.00026043927424255575	11.906765356228181
ᎺᎾᏀ	3	0.00026043927424255575	11.906765356228181
ᎻᎻᎾ	3	0.00026043927424255575	11.906765356228181
ᎹᏁᎻ	3	0.00026043927424255575	11.906765356228181
ᎸᎹᎺ	3	0.00026043927424255575	11.906765356228181
ᏀᎾᏀ	3	0.00026043927424255575	11.906765356228181
ᎿᏁᎿ	3	0.00026043927424255575	11.906765356228181
ᏀᏁᎻ	3	0.00026043927424255575	11.906765356228181
ᎽᎼᎻ	3	0.00026043927424255575	11.906765356228181
ᎼᎿᎸ	3	0.00026043927424255575	11.906765356228181
ᏀᎺᎽ	3	0.00026043927424255575	11.906765356228181
ᎾᎸᎼ	3	0.00026043927424255575	11.906765356228181
ᎺᎹᎾ	3	0.00026043927424255575	11.906765356228181
ᏀᎿᎸ	3	0.00026043927424255575	11.906765356228181
ᎺᎹᎽ	3	0.00026043927424255575	11.906765356228181
ᎼᎺᎸ	3	0.00026043927424255575	11.906765356228181
ᎺᏁᎺ	3	0.00026043927424255575	11.906765356228181
ᎻᎽᎺ	3	0.00026043927424255575	11.906765356228181
ᎼᎸᎺ	3	0.00026043927424255575	11.906765356228181
ᎹᎸᎻ	3	0.00026043927424255575	11.906765356228181
ᎸᎺᏀ	3	0.00026043927424255575	11.906765356228181
ᏁᎺᎺ	3	0.00026043927424255575	11.906765356228181
ᎺᎾᎸ	3	0.00026043927424255575	11.906765356228181
ᎿᎿᎺ	3	0.00026043927424255575	11.906765356228181
ᎻᎸᏀ	3	0.00026043927424255575	11.906765356228181
ᎽᎽᎹ	3	0.00026043927424255575	11.906765356228181
ᎽᎿᏀ	3	0.00026043927424255575	11.906765356228181
ᎹᎺᎿ	3	0.00026043927424255575	11.906765356228181
ᎻᏀᎹ	3	0.00026043927424255575	11.906765356228181
ᎺᎸᎹ	3	0.00026043927424255575	11.906765356228181
ᎽᎸᎺ	3	0.00026043927424255575	11.906765356228181
ᏀᎸᎿ	3	0.00026043927424255575	11.906765356228181
ᎿᎿᎿ	3	0.00026043927424255575	11.906765356228181
ᎽᎾᎼ	3	0.00026043927424255575	11.906765356228181
ᏁᎸᎻ	3	0.00026043927424255575	11.906765356228181
ᎺᎸᎼ	3	0.00026043927424255575	11.906765356228181
ᎽᎻᎹ	3	0.00026043927424255575	11.906765356228181
ᎽᎺᎽ	3	0.00026043927424255575	11.906765356228181
ᎾᎻᏁ	3	0.00026043927424255575	11.906765356228181
ᎾᎸᎸ	3	0.00026043927424255575	11.906765356228181
ᎸᎺᎸ	3	0.00026043927424255575	11.906765356228181
ᎼᎾᎽ	3	0.00026043927424255575	11.906765356228181
ᎻᎸᎺ	3	0.00026043927424255575	11.906765356228181
ᏀᎻᎾ	3	0.00026043927424255575	11.906765356228181
ᎾᏀᎽ	3	0.00026043927424255575	11.906765356228181
ᎼᏀᎻ	3	0.00026043927424255575	11.906765356228181
ᎾᎻᎹ	3	0.00026043927424255575	11.906765356228181
ᎹᎾᎸ	3	0.00026043927424255575	11.906765356228181
ᎼᎽᎸ	2	0.00017362618282837052	12.491727856949339
ᏁᎹᎻ	2	0.00017362618282837052	12.491727856949339
ᎽᎹᎻ	2	0.00017362618282837052	12.491727856949339
ᎿᎿᎸ	2	0.00017362618282837052	12.491727856949339
ᎻᎹᎸ	2	0.00017362618282837052	12.491727856949339
ᎹᎼᎻ	2	0.00017362618282837052	12.491727856949339
ᎻᎺᏀ	2	0.00017362618282837052	12.491727856949339
ᏀᎺᎺ	2	0.00017362618282837052	12.491727856949339
ᏁᎸᏁ	2	0.00017362618282837052	12.491727856949339
ᎺᎾᎼ	2	0.00017362618282837052	12.491727856949339
ᎼᎿᏁ	2	0.00017362618282837052	12.491727856949339
ᎺᎸᎸ	2	0.00017362618282837052	12.491727856949339
ᎹᎿᎿ	2	0.00017362618282837052	12.491727856949339
ᏁᎹᎸ	2	0.00017362618282837052	12.491727856949339
ᏁᎹᏁ	2	0.00017362618282837052	12.491727856949339
ᎼᎼᎼ	2	0.00017362618282837052	12.491727856949339
ᎽᎾᎹ	2	0.00017362618282837052	12.491727856949339
ᎸᏁᎺ	2	0.00017362618282837052	12.491727856949339
ᏀᎾᏁ	2	0.00017362618282837052	12.491727856949339
ᏀᎿᏁ	2	0.00017362618282837052	12.491727856949339
ᎺᏀᎿ	2	0.00017362618282837052	12.491727856949339
ᎹᎹᎿ	2	0.00017362618282837052	12.491727856949339
ᎻᎸᎸ	2	0.00017362618282837052	12.491727856949339
ᎹᎼᎽ	2	0.00017362618282837052	12.491727856949339
ᎿᎼᏀ	2	0.00017362618282837052	12.491727856949339
ᎿᏀᎹ	2	0.00017362618282837052	12.491727856949339
ᎽᎼᎽ	2	0.00017362618282837052	12.491727856949339
ᎼᎼᎹ	2	0.00017362618282837052	12.491727856949339
ᎺᏁᏁ	2	0.00017362618282837052	12.491727856949339
ᎿᎽᎻ	2	0.00017362618282837052	12.491727856949339
ᏁᎸᎹ	2	0.00017362618282837052	12.491727856949339
ᎼᎸᎹ	2	0.00017362618282837052	12.491727856949339
ᏀᎺᎻ	2	0.00017362618282837052	12.491727856949339
ᏁᎽᎾ	2	0.00017362618282837052	12.491727856949339
ᎹᎼᎼ	2	0.00017362618282837052	12.491727856949339
ᎾᎼᎿ	2	0.00017362618282837052	12.491727856949339
ᎽᎸᎹ	2	0.00017362618282837052	12.491727856949339
ᎼᎼᎺ	2	0.00017362618282837052	12.491727856949339
ᎾᎹᎸ	2	0.00017362618282837052	12.491727856949339
ᎻᎼᎹ	2	0.00017362618282837052	12.491727856949339
ᎿᏁᏁ	2	0.00017362618282837052	12.491727856949339
ᎿᎽᎸ	2	0.00017362618282837052	12.491727856949339
ᎽᎻᎻ	2	0.00017362618282837052	12.491727856949339
ᎿᎿᎽ	2	0.00017362618282837052	12.491727856949339
ᎽᎹᎾ	2	0.00017362618282837052	12.491727856949339
ᎽᎹᎿ	2	0.00017362618282837052	12.491727856949339
ᎿᏀᎽ	2	0.00017362618282837052	12.491727856949339
ᎽᎿᎸ	2	0.00017362618282837052	12.491727856949339
ᎺᎺᎿ	2	0.00017362618282837052	12.491727856949339
ᎽᎻᎼ	2	0.00017362618282837052	12.491727856949339
ᎻᎺᎼ	2	0.00017362618282837052	12.491727856949339
ᎹᎼᏀ	2	0.00017362618282837052	12.491727856949339
ᏀᎽᎻ	2	0.00017362618282837052	12.491727856949339
ᎻᏀᎿ	2	0.00017362618282837052	12.491727856949339
ᎼᎽᎿ	2	0.00017362618282837052	12.491727856949339
ᎺᎿᏁ	2	0.00017362618282837052	12.491727856949339
ᎽᎼᎼ	2	0.00017362618282837052	12.491727856949339
ᏀᎸᎼ	2	0.00017362618282837052	12.491727856949339
ᎽᏀᎾ	2	0.00017362618282837052	12.491727856949339
ᎽᏁᎾ	2	0.00017362618282837052	12.491727856949339
ᎸᎹᏀ	2	0.00017362618282837052	12.491727856949339
ᎸᏀᎸ	2	0.00017362618282837052	12.491727856949339
ᎺᎻᎸ	2	0.00017362618282837052	12.491727856949339
ᎸᎿᎹ	2	0.00017362618282837052	12.491727856949339
ᏀᎽᎺ	2	0.00017362618282837052	12.491727856949339
ᎺᎼᎼ	2	0.00017362618282837052	12.491727856949339
ᎺᏁᎾ	2	0.00017362618282837052	12.491727856949339
ᎸᎼᏁ	2	0.00017362618282837052	12.491727856949339
ᎿᏀᎻ	2	0.00017362618282837052	12.491727856949339
ᎹᎼᎾ	2	0.00017362618282837052	12.491727856949339
ᎹᎾᏀ	2	0.00017362618282837052	12.491727856949339
ᎼᎹᎸ	2	0.00017362618282837052	12.491727856949339
ᏀᎸᎽ	2	0.00017362618282837052	12.491727856949339
ᎹᏁᎺ	2	0.00017362618282837052	12.491727856949339
ᎾᏀᎻ	2	0.00017362618282837052	12.491727856949339
ᎹᎺᏀ	2	0.00017362618282837052	12.491727856949339
ᎸᎺᎽ	2	0.00017362618282837052	12.491727856949339
ᎺᎿᎺ	2	0.00017362618282837052	12.491727856949339
ᎿᎾᎿ	2	0.00017362618282837052	12.491727856949339
ᎼᎺᏁ	1	8.681309141418526e-05	13.491727856949339
ᎻᎻᏀ	1	8.681309141418526e-05	13.491727856949339
ᎺᎽᎾ	1	8.681309141418526e-05	13.491727856949339
ᏀᎽᎼ	1	8.681309141418526e-05	13.491727856949339
ᏀᎻᎻ	1	8.681309141418526e-05	13.491727856949339
ᎽᎺᏀ	1	8.681309141418526e-05	13.491727856949339
ᎸᎻᏁ	1	8.681309141418526e-05	13.491727856949339
ᎼᎾᏁ	1	8.681309141418526e-05	13.491727856949339
ᎻᎹᎹ	1	8.681309141418526e-05	13.491727856949339
ᏀᎻᎼ	1	8.681309141418526e-05	13.491727856949339
ᎺᎸᎻ	1	8.681309141418526e-05	13.491727856949339
ᎿᎹᎽ	1	8.681309141418526e-05	13.491727856949339
ᎸᎼᎾ	1	8.681309141418526e-05	13.491727856949339
ᎺᏀᎾ	1	8.681309141418526e-05	13.491727856949339
ᏁᎻᎻ	1	8.681309141418526e-05	13.491727856949339
ᎸᎸᎻᎻ	1	8.681309141418526e-05	13.491727856949339
ᎽᎾᎻ	1	8.681309141418526e-05	13.491727856949339
ᎾᎹᎾ	1	8.681309141418526e-05	13.491727856949339
ᎸᎽᎸ	1	8.681309141418526e-05	13.491727856949339
ᎹᎸᎿ	1	8.681309141418526e-05	13.491727856949339
ᏁᎸᎿ	1	8.681309141418526e-05	13.491727856949339
ᎾᎼᎾ	1	8.681309141418526e-05	13.491727856949339
ᎿᎹᎼ	1	8.681309141418526e-05	13.491727856949339
ᎼᎿᎹ	1	8.681309141418526e-05	13.491727856949339
ᎺᎾᎺ	1	8.681309141418526e-05	13.491727856949339
ᎼᎽᎺ	1	8.681309141418526e-05	13.491727856949339
ᎿᏀᎸ	1	8.681309141418526e-05	13.491727856949339
ᎼᏁᎸ	1	8.681309141418526e-05	13.491727856949339
ᏁᏁᏁ	1	8.681309141418526e-05	13.491727856949339
ᎿᎾᎾ	1	8.681309141418526e-05	13.491727856949339
ᎹᎻᎽ	1	8.681309141418526e-05	13.491727856949339
ᎻᎺᎽ	1	8.681309141418526e-05	13.491727856949339
ᎹᎺᎺ	1	8.681309141418526e-05	13.491727856949339
ᎺᎺᎽ	1	8.681309141418526e-05	13.491727856949339
ᎹᎹᎽ	1	8.681309141418526e-05	13.491727856949339
ᎹᏁᎹ	1	8.681309141418526e-05	13.491727856949339
ᎸᎽᎹ	1	8.681309141418526e-05	13.491727856949339
ᎿᎾᎻ	1	8.681309141418526e-05	13.491727856949339
ᎸᎺᏁ	1	8.681309141418526e-05	13.491727856949339
ᎺᎸᎾ	1	8.681309141418526e-05	13.491727856949339
ᎻᎼᎸ	1	8.681309141418526e-05	13.491727856949339
ᎻᎽᎹ	1	8.681309141418526e-05	13.491727856949339
ᎿᎺᎿ	1	8.681309141418526e-05	13.491727856949339
ᏀᎻᎿ	1	8.681309141418526e-05	13.491727856949339
ᏁᎸᏀ	1	8.681309141418526e-05	13.491727856949339
ᎾᎺᎺ	1	8.681309141418526e-05	13.491727856949339
ᎿᎺᏁ	1	8.681309141418526e-05	13.491727856949339
ᎸᏀᎺ	1	8.681309141418526e-05	13.491727856949339
ᎸᎿᎻ	1	8.681309141418526e-05	13.491727856949339
ᎻᎸᎿ	1	8.681309141418526e-05	13.491727856949339
ᎿᎾᎺ	1	8.681309141418526e-05	13.491727856949339
ᎾᎺᎸ	1	8.681309141418526e-05	13.491727856949339
ᎸᎸ	1	8.681309141418526e-05	13.491727856949339
ᎿᎸᎼ	1	8.681309141418526e-05	13.491727856949339
ᎿᎻᎻ	1	8.681309141418526e-05	13.491727856949339
ᎹᎻᎼ	1	8.681309141418526e-05	13.491727856949339
ᎻᎻᎸ	1	8.681309141418526e-05	13.491727856949339
ᎼᎾᎺ	1	8.681309141418526e-05	13.491727856949339
ᏁᎼᎼ	1	8.681309141418526e-05	13.491727856949339
ᎿᎺᎽ	1	8.681309141418526e-05	13.491727856949339
ᎻᎸᎼ	1	8.681309141418526e-05	13.491727856949339
ᏀᎾᎾ	1	8.681309141418526e-05	13.491727856949339
ᎿᏀᎺ	1	8.681309141418526e-05	13.491727856949339
ᎹᎽᎻ	1	8.681309141418526e-05	13.491727856949339
ᏁᎽᎸ	1	8.681309141418526e-05	13.491727856949339
ᎿᎼᎻ	1	8.681309141418526e-05	13.491727856949339
ᏁᎹᎹ	1	8.681309141418526e-05	13.491727856949339
ᎼᎹᏀ	1	8.681309141418526e-05	13.491727856949339
ᎹᎿᎸ	1	8.681309141418526e-05	13.491727856949339
ᏁᎹᎼ	1	8.681309141418526e-05	13.491727856949339
ᎽᎹᎺ	1	8.681309141418526e-05	13.491727856949339
ᎹᎾᎾ	1	8.681309141418526e-05	13.491727856949339
ᏁᎸᎺ	1	8.681309141418526e-05	13.491727856949339
ᎹᏁᎽ	1	8.681309141418526e-05	13.491727856949339
ᎸᎼᎽ	1	8.681309141418526e-05	13.491727856949339
ᏁᎽᎿ	1	8.681309141418526e-05	13.491727856949339
ᏁᎼᎿ	1	8.681309141418526e-05	13.491727856949339
ᏀᏁᎽ	1	8.681309141418526e-05	13.491727856949339
ᎿᏀᎼ	1	8.681309141418526e-05	13.491727856949339
ᏀᎿᎼ	1	8.681309141418526e-05	13.491727856949339
ᏀᎹᎼ	1	8.681309141418526e-05	13.491727856949339
ᎸᏀᎼ	1	8.681309141418526e-05	13.491727856949339
ᎹᎹᏀ	1	8.681309141418526e-05	13.491727856949339
ᏁᎽᏀ	1	8.681309141418526e-05	13.491727856949339
ᎺᎿᏀ	1	8.681309141418526e-05	13.491727856949339
ᏁᎼᎾ	1	8.681309141418526e-05	13.491727856949339
ᎺᎿᎿ	1	8.681309141418526e-05	13.491727856949339
ᎸᎼᎹ	1	8.681309141418526e-05	13.491727856949339
ᎾᏀᎸ	1	8.681309141418526e-05	13.491727856949339
ᏀᎾᎺ	1	8.681309141418526e-05	13.491727856949339
ᏀᎼᎻ	1	8.681309141418526e-05	13.491727856949339
ᎾᎺᏁ	1	8.681309141418526e-05	13.491727856949339
ᎻᎸᎹ	1	8.681309141418526e-05	13.491727856949339
ᎻᎼᏀ	1	8.681309141418526e-05	13.491727856949339
ᎸᎼᎿ	1	8.681309141418526e-05	13.491727856949339
ᎽᎼᎾ	1	8.681309141418526e-05	13.491727856949339
ᎸᎺᎾ	1	8.681309141418526e-05	13.491727856949339
ᎹᎺᎾ	1	8.681309141418526e-05	13.491727856949339
ᎹᏀᎸ	1	8.681309141418526e-05	13.491727856949339
ᎻᏀᎻ	1	8.681309141418526e-05	13.491727856949339
ᎿᎹᏀ	1	8.681309141418526e-05	13.491727856949339
ᏀᎹᎽ	1	8.681309141418526e-05	13.491727856949339
ᎺᎿᎸ	1	8.681309141418526e-05	13.491727856949339
ᎾᎻᎻ	1	8.681309141418526e-05	13.491727856949339
ᎻᎼᎺ	1	8.681309141418526e-05	13.491727856949339
ᎸᎼᎼ	1	8.681309141418526e-05	13.491727856949339
ᏁᎼᎻ	1	8.681309141418526e-05	13.491727856949339
ᎼᏁᎼ	1	8.681309141418526e-05	13.491727856949339
ᎹᎿᏁ	1	8.681309141418526e-05	13.491727856949339
ᎾᎺᎿ	1	8.681309141418526e-05	13.491727856949339
ᎻᏀᎽ	1	8.681309141418526e-05	13.491727856949339
ᎻᎸᎽ	1	8.681309141418526e-05	13.491727856949339
ᏁᎽᎻ	1	8.681309141418526e-05	13.491727856949339
ᏀᎸᏁ	1	8.681309141418526e-05	13.491727856949339
ᎼᎾᎾ	1	8.681309141418526e-05	13.491727856949339
ᏀᎼᎹ	1	8.681309141418526e-05	13.491727856949339
ᎼᎻᎸ	1	8.681309141418526e-05	13.491727856949339
ᎺᎿᎹ	1	8.681309141418526e-05	13.491727856949339
ᏀᎹᎸ	1	8.681309141418526e-05	13.491727856949339
ᎸᎽᎿ	1	8.681309141418526e-05	13.491727856949339
ᏀᎿᎽ	1	8.681309141418526e-05	13.491727856949339
ᎺᎾᎾ	1	8.681309141418526e-05	13.491727856949339
ᎻᎹᎾ	1	8.681309141418526e-05	13.491727856949339
ᏀᎾᎽ	1	8.681309141418526e-05	13.491727856949339
ᎼᎿᎼ	1	8.681309141418526e-05	13.491727856949339
ᎿᎸᏁ	1	8.681309141418526e-05	13.491727856949339
ᎻᎸᏁ	1	8.681309141418526e-05	13.491727856949339
ᎿᎹᎸ	1	8.681309141418526e-05	13.491727856949339
ᎽᎻᎽ	1	8.681309141418526e-05	13.491727856949339
ᎸᏁᏁ	1	8.681309141418526e-05	13.491727856949339
ᎹᏁᎼ	1	8.681309141418526e-05	13.491727856949339
ᏁᎹᏀ	1	8.681309141418526e-05	13.491727856949339
ᎼᎿᎻ	1	8.681309141418526e-05	13.491727856949339
ᏀᎻᎽ	1	8.681309141418526e-05	13.491727856949339
ᏀᎺᏁ	1	8.681309141418526e-05	13.491727856949339
ᎽᏁᎹ	1	8.681309141418526e-05	13.491727856949339
ᎻᎺᏁ	1	8.681309141418526e-05	13.491727856949339
ᎾᏀᎼ	1	8.681309141418526e-05	13.491727856949339
ᎾᎸᎹ	1	8.681309141418526e-05	13.491727856949339
ᎾᏀᎿ	1	8.681309141418526e-05	13.491727856949339
ᏁᎻᎹ	1	8.681309141418526e-05	13.491727856949339
ᎺᎽᎻ	1	8.681309141418526e-05	13.491727856949339
ᎾᎺᏀ	1	8.681309141418526e-05	13.491727856949339
ᎾᎼᎸ	1	8.681309141418526e-05	13.491727856949339
ᎺᏁᎼ	1	8.681309141418526e-05	13.491727856949339
ᎺᎺᎻ	1	8.681309141418526e-05	13.491727856949339
ᎿᏀᎾ	1	8.681309141418526e-05	13.491727856949339
ᎼᎽᎼ	1	8.681309141418526e-05	13.491727856949339
ᎹᎹᎸ	1	8.681309141418526e-05	13.491727856949339
ᎼᎼᎽ	1	8.681309141418526e-05	13.491727856949339
ᎿᎹᎾ	1	8.681309141418526e-05	13.491727856949339
ᎾᏁᏁ	1	8.681309141418526e-05	13.491727856949339
ᎸᎻᎿ	1	8.681309141418526e-05	13.491727856949339
ᎺᎸᎽ	1	8.681309141418526e-05	13.491727856949339
ᎾᏀᎾ	1	8.681309141418526e-05	13.491727856949339
ᎿᏁᎻ	1	8.681309141418526e-05	13.491727856949339
ᏀᎽᏀ	1	8.681309141418526e-05	13.491727856949339
ᎺᎹᎿ	1	8.681309141418526e-05	13.491727856949339
ᏀᏁᏀ	1	8.681309141418526e-05	13.491727856949339
ᎼᎺᎼ	1	8.681309141418526e-05	13.491727856949339
ᎺᎿᎽ	1	8.681309141418526e-05	13.491727856949339
ᎼᎿᎽ	1	8.681309141418526e-05	13.491727856949339
ᏀᎹᎾ	1	8.681309141418526e-05	13.491727856949339
ᎽᎿᎾ	1	8.681309141418526e-05	13.491727856949339
ᎻᏁᎼ	1	8.681309141418526e-05	13.491727856949339
ᎺᏀᎸ	1	8.681309141418526e-05	13.491727856949339
ᎹᎺᏁ	1	8.681309141418526e-05	13.491727856949339
ᏀᎽᎿ	1	8.681309141418526e-05	13.491727856949339
ᎹᎺᎻ	1	8.681309141418526e-05	13.491727856949339
ᎸᎾᏁ	1	8.681309141418526e-05	13.491727856949339
ᎼᏁᎺ	1	8.681309141418526e-05	13.491727856949339
ᎽᎿᏁ	1	8.681309141418526e-05	13.491727856949339
ᎼᎽᎻ	1	8.681309141418526e-05	13.491727856949339
ᎽᎼᎿ	1	8.681309141418526e-05	13.491727856949339
ᎾᎸᎺ	1	8.681309141418526e-05	13.491727856949339
ᎻᎾᎿ	1	8.681309141418526e-05	13.491727856949339
ᏀᎻᎸ	1	8.681309141418526e-05	13.491727856949339
ᎻᎼᎻ	1	8.681309141418526e-05	13.491727856949339
ᎻᎿᎺ	1	8.681309141418526e-05	13.491727856949339
ᎿᎺᎺ	1	8.681309141418526e-05	13.491727856949339
ᎹᎿᎺ	1	8.681309141418526e-05	13.491727856949339
ᎿᎹᎻ	1	8.681309141418526e-05	13.491727856949339
ᏀᎾᎻ	1	8.681309141418526e-05	13.491727856949339
ᎽᎼᎺ	1	8.681309141418526e-05	13.491727856949339
ᎺᏁᎻ	1	8.681309141418526e-05	13.491727856949339
ᎹᎼᎿ	1	8.681309141418526e-05	13.491727856949339
ᎻᎸᎻ	1	8.681309141418526e-05	13.491727856949339
ᎿᎺᏀ	1	8.681309141418526e-05	13.491727856949339
ᎻᎿᎽ	1	8.681309141418526e-05	13.491727856949339
ᎺᏀᎹ	1	8.681309141418526e-05	13.491727856949339
ᎿᎿᏀ	1	8.681309141418526e-05	13.491727856949339
ᎻᎸᎾ	1	8.681309141418526e-05	13.491727856949339
ᏀᎹᎻ	1	8.681309141418526e-05	13.491727856949339
ᎿᎹᏁ	1	8.681309141418526e-05	13.491727856949339
ᎾᎼᎹ	1	8.681309141418526e-05	13.491727856949339
ᎺᏁᎸ	1	8.681309141418526e-05	13.491727856949339
ᎺᎾᎽ	1	8.681309141418526e-05	13.491727856949339
ᏀᎹᎹ	1	8.681309141418526e-05	13.491727856949339
ᎾᎼᎺ	1	8.681309141418526e-05	13.491727856949339
ᎾᏀᏀ	1	8.681309141418526e-05	13.491727856949339
ᎸᏀᎹ	1	8.681309141418526e-05	13.491727856949339
ᎹᎼᎹ	1	8.681309141418526e-05	13.491727856949339
ᎹᎻᏀ	1	8.681309141418526e-05	13.491727856949339
ᎸᎾᏀ	1	8.681309141418526e-05	13.491727856949339
ᎾᎿᏀ	1	8.681309141418526e-05	13.491727856949339
ᎽᎾᎺ	1	8.681309141418526e-05	13.491727856949339
ᎽᏁᏁ	1	8.681309141418526e-05	13.491727856949339
ᏁᎺᏀ	1	8.681309141418526e-05	13.491727856949339
ᎾᏀᎺ	1	8.681309141418526e-05	13.491727856949339
