Overall entropy: 6.816634174971653
Size of tokens: 9754
Size of types: 869

word	freq	prob	entropy
Ɵ	871	0.0892966987902399	3.485249348437003
ƥ	715	0.0733032602009432	3.7699788253701163
ƣ	699	0.0716629075251179	3.8026296116604317
Ʃ	699	0.0716629075251179	3.8026296116604317
ƞ	690	0.07074020914496616	3.8213257053703362
Ǧ	585	0.05997539470986262	4.0594854425651015
ǥ	242	0.0248103342218577	5.332915019761273
Ɯ	207	0.02122206274348985	5.558291299536543
Ƿ	187	0.019171621898708222	5.704883797148231
Ǹ	187	0.019171621898708222	5.704883797148231
Ơ	111	0.011379946688538036	6.457362390685762
Ȥ	97	0.009944638097190896	6.651865414848739
ȿ	72	0.007381587041213861	7.081853255593556
Ɲ	61	0.006253844576583965	7.321040919472982
ǳ	60	0.006151322534344884	7.344887661427349
Ⱦ	52	0.005331146196432233	7.551338538894775
Ǯ	51	0.005228624154193152	7.579352915064373
Ʀ	50	0.00512610211195407	7.607922067261144
Ǳ	50	0.00512610211195407	7.607922067261144
ǜ	46	0.004716013942997745	7.728216300978856
ǯ	46	0.004716013942997745	7.728216300978856
ʯ	46	0.004716013942997745	7.728216300978856
̳	44	0.004510969858519582	7.792346638398571
Ȫ	39	0.003998359647324175	7.966376038173619
Ɠ	38	0.0038958376050850932	8.003850743592283
Ȉ	38	0.0038958376050850932	8.003850743592283
ʒ	36	0.0036907935206069303	8.081853255593556
ʽ	34	0.003485749436128768	8.164315415785529
͠	34	0.003485749436128768	8.164315415785529
Ƕ	33	0.0033832273938896864	8.207384137677414
ǩ	32	0.003280705351650605	8.251778257035868
̸	31	0.0031781833094115235	8.297581946648993
ȝ	30	0.003075661267172442	8.34488766142735
ι	30	0.003075661267172442	8.34488766142735
Ǟ	28	0.002870617182694279	8.444423334978264
̹	27	0.0027680951404551978	8.4968907548724
ȉ	24	0.002460529013737954	8.666815756314712
ʝ	24	0.002460529013737954	8.666815756314712
Ϊ	24	0.002460529013737954	8.666815756314712
ʧ	23	0.0023580069714988724	8.728216300978854
˻	23	0.0023580069714988724	8.728216300978854
Ǻ	22	0.002255484929259791	8.792346638398572
Ǿ	22	0.002255484929259791	8.792346638398572
ȍ	22	0.002255484929259791	8.792346638398572
̺	22	0.002255484929259791	8.792346638398572
ƺ	21	0.0021529628870207095	8.859460834257108
Ư	20	0.002050440844781628	8.929850162148506
ɳ	20	0.002050440844781628	8.929850162148506
ɶ	20	0.002050440844781628	8.929850162148506
ˆ	20	0.002050440844781628	8.929850162148506
˵	20	0.002050440844781628	8.929850162148506
Ǽ	19	0.0019479188025425466	9.003850743592283
̾	19	0.0019479188025425466	9.003850743592283
ͅ	19	0.0019479188025425466	9.003850743592283
ơ	18	0.0018453967603034652	9.081853255593556
Ƣ	18	0.0018453967603034652	9.081853255593556
ǣ	18	0.0018453967603034652	9.081853255593556
ǫ	18	0.0018453967603034652	9.081853255593556
ʑ	18	0.0018453967603034652	9.081853255593556
К	18	0.0018453967603034652	9.081853255593556
Ȩ	17	0.001742874718064384	9.164315415785529
ȵ	17	0.001742874718064384	9.164315415785529
ǲ	16	0.0016403526758253025	9.251778257035868
ȸ	16	0.0016403526758253025	9.251778257035868
ʿ	16	0.0016403526758253025	9.251778257035868
̶	16	0.0016403526758253025	9.251778257035868
ҽ	16	0.0016403526758253025	9.251778257035868
Ƙ	15	0.001537830633586221	9.34488766142735
Ƨ	15	0.001537830633586221	9.34488766142735
ǟ	15	0.001537830633586221	9.34488766142735
ʨ	15	0.001537830633586221	9.34488766142735
ǡ	14	0.0014353085913471396	9.444423334978264
Ƚ	14	0.0014353085913471396	9.444423334978264
ʓ	14	0.0014353085913471396	9.444423334978264
ʦ	14	0.0014353085913471396	9.444423334978264
͂	14	0.0014353085913471396	9.444423334978264
ͷ	14	0.0014353085913471396	9.444423334978264
ѱ	14	0.0014353085913471396	9.444423334978264
Ҽ	14	0.0014353085913471396	9.444423334978264
Ҿ	14	0.0014353085913471396	9.444423334978264
Ȝ	13	0.0013327865491080582	9.551338538894775
Ȭ	13	0.0013327865491080582	9.551338538894775
ʥ	13	0.0013327865491080582	9.551338538894775
̷	13	0.0013327865491080582	9.551338538894775
͑	13	0.0013327865491080582	9.551338538894775
΄	13	0.0013327865491080582	9.551338538894775
Ε	13	0.0013327865491080582	9.551338538894775
А	13	0.0013327865491080582	9.551338538894775
П	13	0.0013327865491080582	9.551338538894775
Ҏ	13	0.0013327865491080582	9.551338538894775
Ƒ	12	0.001230264506868977	9.666815756314712
Ȋ	12	0.001230264506868977	9.666815756314712
ȣ	12	0.001230264506868977	9.666815756314712
ȶ	12	0.001230264506868977	9.666815756314712
ʜ	12	0.001230264506868977	9.666815756314712
ˈ	12	0.001230264506868977	9.666815756314712
̉	12	0.001230264506868977	9.666815756314712
̴	12	0.001230264506868977	9.666815756314712
͆	12	0.001230264506868977	9.666815756314712
͵	12	0.001230264506868977	9.666815756314712
Θ	12	0.001230264506868977	9.666815756314712
Ϙ	12	0.001230264506868977	9.666815756314712
ϙ	12	0.001230264506868977	9.666815756314712
ƛ	11	0.0011277424646298955	9.792346638398572
Ǥ	11	0.0011277424646298955	9.792346638398572
ȡ	11	0.0011277424646298955	9.792346638398572
Ȣ	11	0.0011277424646298955	9.792346638398572
Ȱ	11	0.0011277424646298955	9.792346638398572
ʂ	11	0.0011277424646298955	9.792346638398572
˒	11	0.0011277424646298955	9.792346638398572
̓	11	0.0011277424646298955	9.792346638398572
͙	11	0.0011277424646298955	9.792346638398572
Б	11	0.0011277424646298955	9.792346638398572
У	11	0.0011277424646298955	9.792346638398572
ҹ	11	0.0011277424646298955	9.792346638398572
Ӎ	11	0.0011277424646298955	9.792346638398572
ӎ	11	0.0011277424646298955	9.792346638398572
Ǣ	10	0.001025220422390814	9.929850162148506
Ǩ	10	0.001025220422390814	9.929850162148506
ɗ	10	0.001025220422390814	9.929850162148506
ɷ	10	0.001025220422390814	9.929850162148506
ʉ	10	0.001025220422390814	9.929850162148506
ʤ	10	0.001025220422390814	9.929850162148506
ˀ	10	0.001025220422390814	9.929850162148506
ː	10	0.001025220422390814	9.929850162148506
ω	10	0.001025220422390814	9.929850162148506
Г	10	0.001025220422390814	9.929850162148506
Д	10	0.001025220422390814	9.929850162148506
ҟ	10	0.001025220422390814	9.929850162148506
Ӌ	10	0.001025220422390814	9.929850162148506
Ɨ	9	0.0009226983801517326	10.081853255593556
Ƹ	9	0.0009226983801517326	10.081853255593556
Ǡ	9	0.0009226983801517326	10.081853255593556
ǹ	9	0.0009226983801517326	10.081853255593556
ɂ	9	0.0009226983801517326	10.081853255593556
ɕ	9	0.0009226983801517326	10.081853255593556
ɖ	9	0.0009226983801517326	10.081853255593556
̍	9	0.0009226983801517326	10.081853255593556
͇	9	0.0009226983801517326	10.081853255593556
͹	9	0.0009226983801517326	10.081853255593556
ͽ	9	0.0009226983801517326	10.081853255593556
΀	9	0.0009226983801517326	10.081853255593556
΃	9	0.0009226983801517326	10.081853255593556
ϱ	9	0.0009226983801517326	10.081853255593556
Й	9	0.0009226983801517326	10.081853255593556
Ҍ	9	0.0009226983801517326	10.081853255593556
Ǫ	8	0.0008201763379126512	10.251778257035868
Ȅ	8	0.0008201763379126512	10.251778257035868
Ȯ	8	0.0008201763379126512	10.251778257035868
ȱ	8	0.0008201763379126512	10.251778257035868
Ȳ	8	0.0008201763379126512	10.251778257035868
ɞ	8	0.0008201763379126512	10.251778257035868
ɹ	8	0.0008201763379126512	10.251778257035868
ʞ	8	0.0008201763379126512	10.251778257035868
ʸ	8	0.0008201763379126512	10.251778257035868
ˎ	8	0.0008201763379126512	10.251778257035868
˿	8	0.0008201763379126512	10.251778257035868
̵	8	0.0008201763379126512	10.251778257035868
̽	8	0.0008201763379126512	10.251778257035868
̈́	8	0.0008201763379126512	10.251778257035868
Ή	8	0.0008201763379126512	10.251778257035868
Ϯ	8	0.0008201763379126512	10.251778257035868
Ц	8	0.0008201763379126512	10.251778257035868
ѓ	8	0.0008201763379126512	10.251778257035868
љ	8	0.0008201763379126512	10.251778257035868
ҡ	8	0.0008201763379126512	10.251778257035868
ң	8	0.0008201763379126512	10.251778257035868
Ҥ	8	0.0008201763379126512	10.251778257035868
Ҧ	8	0.0008201763379126512	10.251778257035868
ƻ	7	0.0007176542956735698	10.444423334978264
Ȃ	7	0.0007176542956735698	10.444423334978264
Ȇ	7	0.0007176542956735698	10.444423334978264
ȓ	7	0.0007176542956735698	10.444423334978264
ș	7	0.0007176542956735698	10.444423334978264
ʢ	7	0.0007176542956735698	10.444423334978264
˯	7	0.0007176542956735698	10.444423334978264
̀	7	0.0007176542956735698	10.444423334978264
͘	7	0.0007176542956735698	10.444423334978264
;	7	0.0007176542956735698	10.444423334978264
Έ	7	0.0007176542956735698	10.444423334978264
Ί	7	0.0007176542956735698	10.444423334978264
Ζ	7	0.0007176542956735698	10.444423334978264
Σ	7	0.0007176542956735698	10.444423334978264
ϯ	7	0.0007176542956735698	10.444423334978264
Ѱ	7	0.0007176542956735698	10.444423334978264
һ	7	0.0007176542956735698	10.444423334978264
Ӆ	7	0.0007176542956735698	10.444423334978264
ӆ	7	0.0007176542956735698	10.444423334978264
ƒ	6	0.0006151322534344885	10.666815756314712
Ǖ	6	0.0006151322534344885	10.666815756314712
Ǭ	6	0.0006151322534344885	10.666815756314712
ȋ	6	0.0006151322534344885	10.666815756314712
Ȓ	6	0.0006151322534344885	10.666815756314712
Ȟ	6	0.0006151322534344885	10.666815756314712
Ƞ	6	0.0006151322534344885	10.666815756314712
ȥ	6	0.0006151322534344885	10.666815756314712
ȯ	6	0.0006151322534344885	10.666815756314712
ȳ	6	0.0006151322534344885	10.666815756314712
ɘ	6	0.0006151322534344885	10.666815756314712
ə	6	0.0006151322534344885	10.666815756314712
ɭ	6	0.0006151322534344885	10.666815756314712
ɾ	6	0.0006151322534344885	10.666815756314712
ʀ	6	0.0006151322534344885	10.666815756314712
ʆ	6	0.0006151322534344885	10.666815756314712
ʖ	6	0.0006151322534344885	10.666815756314712
ʛ	6	0.0006151322534344885	10.666815756314712
ʲ	6	0.0006151322534344885	10.666815756314712
ʻ	6	0.0006151322534344885	10.666815756314712
ˇ	6	0.0006151322534344885	10.666815756314712
˗	6	0.0006151322534344885	10.666815756314712
˺	6	0.0006151322534344885	10.666815756314712
́	6	0.0006151322534344885	10.666815756314712
͒	6	0.0006151322534344885	10.666815756314712
͡	6	0.0006151322534344885	10.666815756314712
ͥ	6	0.0006151322534344885	10.666815756314712
͸	6	0.0006151322534344885	10.666815756314712
Β	6	0.0006151322534344885	10.666815756314712
Γ	6	0.0006151322534344885	10.666815756314712
Ђ	6	0.0006151322534344885	10.666815756314712
Ѕ	6	0.0006151322534344885	10.666815756314712
Ћ	6	0.0006151322534344885	10.666815756314712
Ф	6	0.0006151322534344885	10.666815756314712
Щ	6	0.0006151322534344885	10.666815756314712
Э	6	0.0006151322534344885	10.666815756314712
с	6	0.0006151322534344885	10.666815756314712
҄	6	0.0006151322534344885	10.666815756314712
ӕ	6	0.0006151322534344885	10.666815756314712
ӡ	6	0.0006151322534344885	10.666815756314712
ƿ	5	0.000512610211195407	10.929850162148506
ǂ	5	0.000512610211195407	10.929850162148506
ǋ	5	0.000512610211195407	10.929850162148506
Ǵ	5	0.000512610211195407	10.929850162148506
ǵ	5	0.000512610211195407	10.929850162148506
ǻ	5	0.000512610211195407	10.929850162148506
ǽ	5	0.000512610211195407	10.929850162148506
ǿ	5	0.000512610211195407	10.929850162148506
Ɇ	5	0.000512610211195407	10.929850162148506
Ɉ	5	0.000512610211195407	10.929850162148506
ɛ	5	0.000512610211195407	10.929850162148506
ɥ	5	0.000512610211195407	10.929850162148506
ɮ	5	0.000512610211195407	10.929850162148506
ɱ	5	0.000512610211195407	10.929850162148506
ʁ	5	0.000512610211195407	10.929850162148506
˱	5	0.000512610211195407	10.929850162148506
̂	5	0.000512610211195407	10.929850162148506
̊	5	0.000512610211195407	10.929850162148506
̪	5	0.000512610211195407	10.929850162148506
Ο	5	0.000512610211195407	10.929850162148506
ρ	5	0.000512610211195407	10.929850162148506
ϛ	5	0.000512610211195407	10.929850162148506
ϲ	5	0.000512610211195407	10.929850162148506
ϳ	5	0.000512610211195407	10.929850162148506
Ё	5	0.000512610211195407	10.929850162148506
И	5	0.000512610211195407	10.929850162148506
Ъ	5	0.000512610211195407	10.929850162148506
Ь	5	0.000512610211195407	10.929850162148506
н	5	0.000512610211195407	10.929850162148506
э	5	0.000512610211195407	10.929850162148506
Ѹ	5	0.000512610211195407	10.929850162148506
ҏ	5	0.000512610211195407	10.929850162148506
ƙ	4	0.0004100881689563256	11.251778257035868
ƾ	4	0.0004100881689563256	11.251778257035868
ǁ	4	0.0004100881689563256	11.251778257035868
ǌ	4	0.0004100881689563256	11.251778257035868
ǖ	4	0.0004100881689563256	11.251778257035868
Ǘ	4	0.0004100881689563256	11.251778257035868
Ǜ	4	0.0004100881689563256	11.251778257035868
ǝ	4	0.0004100881689563256	11.251778257035868
ǭ	4	0.0004100881689563256	11.251778257035868
ǰ	4	0.0004100881689563256	11.251778257035868
Ȍ	4	0.0004100881689563256	11.251778257035868
ȏ	4	0.0004100881689563256	11.251778257035868
Ș	4	0.0004100881689563256	11.251778257035868
ȧ	4	0.0004100881689563256	11.251778257035868
ȩ	4	0.0004100881689563256	11.251778257035868
ȷ	4	0.0004100881689563256	11.251778257035868
Ɍ	4	0.0004100881689563256	11.251778257035868
ɚ	4	0.0004100881689563256	11.251778257035868
ɻ	4	0.0004100881689563256	11.251778257035868
ɿ	4	0.0004100881689563256	11.251778257035868
ʍ	4	0.0004100881689563256	11.251778257035868
ʐ	4	0.0004100881689563256	11.251778257035868
ʠ	4	0.0004100881689563256	11.251778257035868
ʭ	4	0.0004100881689563256	11.251778257035868
ʷ	4	0.0004100881689563256	11.251778257035868
ʹ	4	0.0004100881689563256	11.251778257035868
˘	4	0.0004100881689563256	11.251778257035868
˟	4	0.0004100881689563256	11.251778257035868
ˢ	4	0.0004100881689563256	11.251778257035868
˥	4	0.0004100881689563256	11.251778257035868
˧	4	0.0004100881689563256	11.251778257035868
˪	4	0.0004100881689563256	11.251778257035868
˲	4	0.0004100881689563256	11.251778257035868
˽	4	0.0004100881689563256	11.251778257035868
˾	4	0.0004100881689563256	11.251778257035868
̌	4	0.0004100881689563256	11.251778257035868
̎	4	0.0004100881689563256	11.251778257035868
̭	4	0.0004100881689563256	11.251778257035868
̀	4	0.0004100881689563256	11.251778257035868
͕	4	0.0004100881689563256	11.251778257035868
͞	4	0.0004100881689563256	11.251778257035868
͟	4	0.0004100881689563256	11.251778257035868
ͫ	4	0.0004100881689563256	11.251778257035868
ͺ	4	0.0004100881689563256	11.251778257035868
Ϳ	4	0.0004100881689563256	11.251778257035868
΂	4	0.0004100881689563256	11.251778257035868
΅	4	0.0004100881689563256	11.251778257035868
Ύ	4	0.0004100881689563256	11.251778257035868
Λ	4	0.0004100881689563256	11.251778257035868
Π	4	0.0004100881689563256	11.251778257035868
έ	4	0.0004100881689563256	11.251778257035868
λ	4	0.0004100881689563256	11.251778257035868
ν	4	0.0004100881689563256	11.251778257035868
σ	4	0.0004100881689563256	11.251778257035868
ϋ	4	0.0004100881689563256	11.251778257035868
ώ	4	0.0004100881689563256	11.251778257035868
ϴ	4	0.0004100881689563256	11.251778257035868
І	4	0.0004100881689563256	11.251778257035868
Љ	4	0.0004100881689563256	11.251778257035868
Њ	4	0.0004100881689563256	11.251778257035868
Ж	4	0.0004100881689563256	11.251778257035868
г	4	0.0004100881689563256	11.251778257035868
ж	4	0.0004100881689563256	11.251778257035868
к	4	0.0004100881689563256	11.251778257035868
у	4	0.0004100881689563256	11.251778257035868
ц	4	0.0004100881689563256	11.251778257035868
ы	4	0.0004100881689563256	11.251778257035868
ѣ	4	0.0004100881689563256	11.251778257035868
ѻ	4	0.0004100881689563256	11.251778257035868
Ѽ	4	0.0004100881689563256	11.251778257035868
Ѿ	4	0.0004100881689563256	11.251778257035868
Ӄ	4	0.0004100881689563256	11.251778257035868
ӗ	4	0.0004100881689563256	11.251778257035868
ӣ	4	0.0004100881689563256	11.251778257035868
Ӥ	4	0.0004100881689563256	11.251778257035868
Ӧ	4	0.0004100881689563256	11.251778257035868
Ө	4	0.0004100881689563256	11.251778257035868
Ƥ	3	0.00030756612671724423	11.66681575631471
Ƭ	3	0.00030756612671724423	11.66681575631471
Ʊ	3	0.00030756612671724423	11.66681575631471
Ƶ	3	0.00030756612671724423	11.66681575631471
Ǐ	3	0.00030756612671724423	11.66681575631471
ǧ	3	0.00030756612671724423	11.66681575631471
Ʉ	3	0.00030756612671724423	11.66681575631471
ɔ	3	0.00030756612671724423	11.66681575631471
ɜ	3	0.00030756612671724423	11.66681575631471
ɟ	3	0.00030756612671724423	11.66681575631471
ɲ	3	0.00030756612671724423	11.66681575631471
ɴ	3	0.00030756612671724423	11.66681575631471
ɵ	3	0.00030756612671724423	11.66681575631471
ɸ	3	0.00030756612671724423	11.66681575631471
ɺ	3	0.00030756612671724423	11.66681575631471
ɼ	3	0.00030756612671724423	11.66681575631471
ɽ	3	0.00030756612671724423	11.66681575631471
ʋ	3	0.00030756612671724423	11.66681575631471
ʎ	3	0.00030756612671724423	11.66681575631471
ʟ	3	0.00030756612671724423	11.66681575631471
ʡ	3	0.00030756612671724423	11.66681575631471
ʬ	3	0.00030756612671724423	11.66681575631471
ʮ	3	0.00030756612671724423	11.66681575631471
ʰ	3	0.00030756612671724423	11.66681575631471
ʱ	3	0.00030756612671724423	11.66681575631471
ʴ	3	0.00030756612671724423	11.66681575631471
˂	3	0.00030756612671724423	11.66681575631471
˰	3	0.00030756612671724423	11.66681575631471
̆	3	0.00030756612671724423	11.66681575631471
̮	3	0.00030756612671724423	11.66681575631471
̰	3	0.00030756612671724423	11.66681575631471
̲	3	0.00030756612671724423	11.66681575631471
͈	3	0.00030756612671724423	11.66681575631471
͚	3	0.00030756612671724423	11.66681575631471
ͪ	3	0.00030756612671724423	11.66681575631471
ͬ	3	0.00030756612671724423	11.66681575631471
ͯ	3	0.00030756612671724423	11.66681575631471
Ͱ	3	0.00030756612671724423	11.66681575631471
Ͷ	3	0.00030756612671724423	11.66681575631471
΁	3	0.00030756612671724423	11.66681575631471
Ό	3	0.00030756612671724423	11.66681575631471
Η	3	0.00030756612671724423	11.66681575631471
΢	3	0.00030756612671724423	11.66681575631471
Υ	3	0.00030756612671724423	11.66681575631471
ή	3	0.00030756612671724423	11.66681575631471
κ	3	0.00030756612671724423	11.66681575631471
ξ	3	0.00030756612671724423	11.66681575631471
τ	3	0.00030756612671724423	11.66681575631471
φ	3	0.00030756612671724423	11.66681575631471
ύ	3	0.00030756612671724423	11.66681575631471
ϖ	3	0.00030756612671724423	11.66681575631471
Ϝ	3	0.00030756612671724423	11.66681575631471
ϟ	3	0.00030756612671724423	11.66681575631471
ϡ	3	0.00030756612671724423	11.66681575631471
Ϧ	3	0.00030756612671724423	11.66681575631471
ϧ	3	0.00030756612671724423	11.66681575631471
ϰ	3	0.00030756612671724423	11.66681575631471
Ϸ	3	0.00030756612671724423	11.66681575631471
Ϲ	3	0.00030756612671724423	11.66681575631471
Ϻ	3	0.00030756612671724423	11.66681575631471
Ͽ	3	0.00030756612671724423	11.66681575631471
Ѐ	3	0.00030756612671724423	11.66681575631471
Ѓ	3	0.00030756612671724423	11.66681575631471
Є	3	0.00030756612671724423	11.66681575631471
Ј	3	0.00030756612671724423	11.66681575631471
Ѝ	3	0.00030756612671724423	11.66681575631471
Џ	3	0.00030756612671724423	11.66681575631471
Ш	3	0.00030756612671724423	11.66681575631471
Я	3	0.00030756612671724423	11.66681575631471
б	3	0.00030756612671724423	11.66681575631471
в	3	0.00030756612671724423	11.66681575631471
е	3	0.00030756612671724423	11.66681575631471
з	3	0.00030756612671724423	11.66681575631471
м	3	0.00030756612671724423	11.66681575631471
о	3	0.00030756612671724423	11.66681575631471
ф	3	0.00030756612671724423	11.66681575631471
ч	3	0.00030756612671724423	11.66681575631471
щ	3	0.00030756612671724423	11.66681575631471
ъ	3	0.00030756612671724423	11.66681575631471
ю	3	0.00030756612671724423	11.66681575631471
я	3	0.00030756612671724423	11.66681575631471
ё	3	0.00030756612671724423	11.66681575631471
є	3	0.00030756612671724423	11.66681575631471
ѕ	3	0.00030756612671724423	11.66681575631471
ј	3	0.00030756612671724423	11.66681575631471
ў	3	0.00030756612671724423	11.66681575631471
ѧ	3	0.00030756612671724423	11.66681575631471
ѷ	3	0.00030756612671724423	11.66681575631471
Ғ	3	0.00030756612671724423	11.66681575631471
Қ	3	0.00030756612671724423	11.66681575631471
ҿ	3	0.00030756612671724423	11.66681575631471
ӏ	3	0.00030756612671724423	11.66681575631471
Ӑ	3	0.00030756612671724423	11.66681575631471
ӑ	3	0.00030756612671724423	11.66681575631471
Ӗ	3	0.00030756612671724423	11.66681575631471
ӝ	3	0.00030756612671724423	11.66681575631471
ӥ	3	0.00030756612671724423	11.66681575631471
Ɣ	2	0.0002050440844781628	12.251778257035868
ƕ	2	0.0002050440844781628	12.251778257035868
Ɩ	2	0.0002050440844781628	12.251778257035868
ƚ	2	0.0002050440844781628	12.251778257035868
ƨ	2	0.0002050440844781628	12.251778257035868
ƪ	2	0.0002050440844781628	12.251778257035868
ƭ	2	0.0002050440844781628	12.251778257035868
Ʈ	2	0.0002050440844781628	12.251778257035868
ư	2	0.0002050440844781628	12.251778257035868
Ʋ	2	0.0002050440844781628	12.251778257035868
Ƴ	2	0.0002050440844781628	12.251778257035868
ƶ	2	0.0002050440844781628	12.251778257035868
ƹ	2	0.0002050440844781628	12.251778257035868
ƽ	2	0.0002050440844781628	12.251778257035868
ǃ	2	0.0002050440844781628	12.251778257035868
Ǆ	2	0.0002050440844781628	12.251778257035868
Ǉ	2	0.0002050440844781628	12.251778257035868
Ǌ	2	0.0002050440844781628	12.251778257035868
Ǎ	2	0.0002050440844781628	12.251778257035868
ǐ	2	0.0002050440844781628	12.251778257035868
Ǒ	2	0.0002050440844781628	12.251778257035868
ǒ	2	0.0002050440844781628	12.251778257035868
Ǔ	2	0.0002050440844781628	12.251778257035868
ǔ	2	0.0002050440844781628	12.251778257035868
ǘ	2	0.0002050440844781628	12.251778257035868
Ǚ	2	0.0002050440844781628	12.251778257035868
ǚ	2	0.0002050440844781628	12.251778257035868
Ȁ	2	0.0002050440844781628	12.251778257035868
ȁ	2	0.0002050440844781628	12.251778257035868
ȃ	2	0.0002050440844781628	12.251778257035868
ȅ	2	0.0002050440844781628	12.251778257035868
ȇ	2	0.0002050440844781628	12.251778257035868
Ȏ	2	0.0002050440844781628	12.251778257035868
Ȑ	2	0.0002050440844781628	12.251778257035868
ȑ	2	0.0002050440844781628	12.251778257035868
Ȕ	2	0.0002050440844781628	12.251778257035868
ȕ	2	0.0002050440844781628	12.251778257035868
ȗ	2	0.0002050440844781628	12.251778257035868
Ț	2	0.0002050440844781628	12.251778257035868
ȟ	2	0.0002050440844781628	12.251778257035868
Ȧ	2	0.0002050440844781628	12.251778257035868
ȫ	2	0.0002050440844781628	12.251778257035868
ȭ	2	0.0002050440844781628	12.251778257035868
ȴ	2	0.0002050440844781628	12.251778257035868
ȹ	2	0.0002050440844781628	12.251778257035868
Ȼ	2	0.0002050440844781628	12.251778257035868
ɀ	2	0.0002050440844781628	12.251778257035868
Ɂ	2	0.0002050440844781628	12.251778257035868
Ƀ	2	0.0002050440844781628	12.251778257035868
Ʌ	2	0.0002050440844781628	12.251778257035868
ɇ	2	0.0002050440844781628	12.251778257035868
ɉ	2	0.0002050440844781628	12.251778257035868
Ɋ	2	0.0002050440844781628	12.251778257035868
ɋ	2	0.0002050440844781628	12.251778257035868
ɍ	2	0.0002050440844781628	12.251778257035868
Ɏ	2	0.0002050440844781628	12.251778257035868
ɏ	2	0.0002050440844781628	12.251778257035868
ɝ	2	0.0002050440844781628	12.251778257035868
ɪ	2	0.0002050440844781628	12.251778257035868
ɫ	2	0.0002050440844781628	12.251778257035868
ɯ	2	0.0002050440844781628	12.251778257035868
ɰ	2	0.0002050440844781628	12.251778257035868
ʃ	2	0.0002050440844781628	12.251778257035868
ʄ	2	0.0002050440844781628	12.251778257035868
ʊ	2	0.0002050440844781628	12.251778257035868
ʏ	2	0.0002050440844781628	12.251778257035868
ʔ	2	0.0002050440844781628	12.251778257035868
ʕ	2	0.0002050440844781628	12.251778257035868
ʗ	2	0.0002050440844781628	12.251778257035868
ʘ	2	0.0002050440844781628	12.251778257035868
ʙ	2	0.0002050440844781628	12.251778257035868
ʣ	2	0.0002050440844781628	12.251778257035868
ʩ	2	0.0002050440844781628	12.251778257035868
ʶ	2	0.0002050440844781628	12.251778257035868
ʼ	2	0.0002050440844781628	12.251778257035868
ʾ	2	0.0002050440844781628	12.251778257035868
ˁ	2	0.0002050440844781628	12.251778257035868
˃	2	0.0002050440844781628	12.251778257035868
˄	2	0.0002050440844781628	12.251778257035868
˅	2	0.0002050440844781628	12.251778257035868
ˉ	2	0.0002050440844781628	12.251778257035868
ˊ	2	0.0002050440844781628	12.251778257035868
ˋ	2	0.0002050440844781628	12.251778257035868
ˌ	2	0.0002050440844781628	12.251778257035868
ˍ	2	0.0002050440844781628	12.251778257035868
ˏ	2	0.0002050440844781628	12.251778257035868
ˑ	2	0.0002050440844781628	12.251778257035868
˓	2	0.0002050440844781628	12.251778257035868
˙	2	0.0002050440844781628	12.251778257035868
˚	2	0.0002050440844781628	12.251778257035868
˛	2	0.0002050440844781628	12.251778257035868
˜	2	0.0002050440844781628	12.251778257035868
˝	2	0.0002050440844781628	12.251778257035868
˞	2	0.0002050440844781628	12.251778257035868
ˠ	2	0.0002050440844781628	12.251778257035868
ˡ	2	0.0002050440844781628	12.251778257035868
ˣ	2	0.0002050440844781628	12.251778257035868
ˤ	2	0.0002050440844781628	12.251778257035868
˦	2	0.0002050440844781628	12.251778257035868
˨	2	0.0002050440844781628	12.251778257035868
˩	2	0.0002050440844781628	12.251778257035868
˫	2	0.0002050440844781628	12.251778257035868
ˬ	2	0.0002050440844781628	12.251778257035868
˭	2	0.0002050440844781628	12.251778257035868
ˮ	2	0.0002050440844781628	12.251778257035868
˳	2	0.0002050440844781628	12.251778257035868
˴	2	0.0002050440844781628	12.251778257035868
˹	2	0.0002050440844781628	12.251778257035868
̋	2	0.0002050440844781628	12.251778257035868
̑	2	0.0002050440844781628	12.251778257035868
̯	2	0.0002050440844781628	12.251778257035868
̱	2	0.0002050440844781628	12.251778257035868
̼	2	0.0002050440844781628	12.251778257035868
́	2	0.0002050440844781628	12.251778257035868
͌	2	0.0002050440844781628	12.251778257035868
͍	2	0.0002050440844781628	12.251778257035868
͐	2	0.0002050440844781628	12.251778257035868
͜	2	0.0002050440844781628	12.251778257035868
ͦ	2	0.0002050440844781628	12.251778257035868
ͧ	2	0.0002050440844781628	12.251778257035868
ͨ	2	0.0002050440844781628	12.251778257035868
ͮ	2	0.0002050440844781628	12.251778257035868
Ͳ	2	0.0002050440844781628	12.251778257035868
Ά	2	0.0002050440844781628	12.251778257035868
·	2	0.0002050440844781628	12.251778257035868
΋	2	0.0002050440844781628	12.251778257035868
΍	2	0.0002050440844781628	12.251778257035868
Δ	2	0.0002050440844781628	12.251778257035868
Κ	2	0.0002050440844781628	12.251778257035868
Μ	2	0.0002050440844781628	12.251778257035868
Ν	2	0.0002050440844781628	12.251778257035868
Ρ	2	0.0002050440844781628	12.251778257035868
Τ	2	0.0002050440844781628	12.251778257035868
ε	2	0.0002050440844781628	12.251778257035868
μ	2	0.0002050440844781628	12.251778257035868
ο	2	0.0002050440844781628	12.251778257035868
π	2	0.0002050440844781628	12.251778257035868
υ	2	0.0002050440844781628	12.251778257035868
χ	2	0.0002050440844781628	12.251778257035868
ψ	2	0.0002050440844781628	12.251778257035868
ϊ	2	0.0002050440844781628	12.251778257035868
ό	2	0.0002050440844781628	12.251778257035868
ϔ	2	0.0002050440844781628	12.251778257035868
Ϛ	2	0.0002050440844781628	12.251778257035868
ϝ	2	0.0002050440844781628	12.251778257035868
Ϟ	2	0.0002050440844781628	12.251778257035868
Ϡ	2	0.0002050440844781628	12.251778257035868
Ϣ	2	0.0002050440844781628	12.251778257035868
ϣ	2	0.0002050440844781628	12.251778257035868
Ϩ	2	0.0002050440844781628	12.251778257035868
ϫ	2	0.0002050440844781628	12.251778257035868
Ϭ	2	0.0002050440844781628	12.251778257035868
ϭ	2	0.0002050440844781628	12.251778257035868
ϵ	2	0.0002050440844781628	12.251778257035868
϶	2	0.0002050440844781628	12.251778257035868
Ќ	2	0.0002050440844781628	12.251778257035868
Ў	2	0.0002050440844781628	12.251778257035868
Е	2	0.0002050440844781628	12.251778257035868
Л	2	0.0002050440844781628	12.251778257035868
М	2	0.0002050440844781628	12.251778257035868
Н	2	0.0002050440844781628	12.251778257035868
О	2	0.0002050440844781628	12.251778257035868
Р	2	0.0002050440844781628	12.251778257035868
Х	2	0.0002050440844781628	12.251778257035868
Ы	2	0.0002050440844781628	12.251778257035868
и	2	0.0002050440844781628	12.251778257035868
п	2	0.0002050440844781628	12.251778257035868
т	2	0.0002050440844781628	12.251778257035868
х	2	0.0002050440844781628	12.251778257035868
ш	2	0.0002050440844781628	12.251778257035868
џ	2	0.0002050440844781628	12.251778257035868
Ѥ	2	0.0002050440844781628	12.251778257035868
Ѩ	2	0.0002050440844781628	12.251778257035868
ѩ	2	0.0002050440844781628	12.251778257035868
Ѫ	2	0.0002050440844781628	12.251778257035868
ѯ	2	0.0002050440844781628	12.251778257035868
Ѵ	2	0.0002050440844781628	12.251778257035868
ѿ	2	0.0002050440844781628	12.251778257035868
Ҁ	2	0.0002050440844781628	12.251778257035868
҅	2	0.0002050440844781628	12.251778257035868
Ҋ	2	0.0002050440844781628	12.251778257035868
Ҙ	2	0.0002050440844781628	12.251778257035868
ҙ	2	0.0002050440844781628	12.251778257035868
Ҝ	2	0.0002050440844781628	12.251778257035868
ҝ	2	0.0002050440844781628	12.251778257035868
Ҟ	2	0.0002050440844781628	12.251778257035868
Ӏ	2	0.0002050440844781628	12.251778257035868
Ӂ	2	0.0002050440844781628	12.251778257035868
ӂ	2	0.0002050440844781628	12.251778257035868
ӄ	2	0.0002050440844781628	12.251778257035868
Ӈ	2	0.0002050440844781628	12.251778257035868
ӊ	2	0.0002050440844781628	12.251778257035868
Ә	2	0.0002050440844781628	12.251778257035868
ә	2	0.0002050440844781628	12.251778257035868
Ӛ	2	0.0002050440844781628	12.251778257035868
ӟ	2	0.0002050440844781628	12.251778257035868
Ӡ	2	0.0002050440844781628	12.251778257035868
Ӫ	2	0.0002050440844781628	12.251778257035868
ӳ	2	0.0002050440844781628	12.251778257035868
Ɛ	1	0.0001025220422390814	13.251778257035868
ƫ	1	0.0001025220422390814	13.251778257035868
ƴ	1	0.0001025220422390814	13.251778257035868
Ʒ	1	0.0001025220422390814	13.251778257035868
Ƽ	1	0.0001025220422390814	13.251778257035868
ǀ	1	0.0001025220422390814	13.251778257035868
ǅ	1	0.0001025220422390814	13.251778257035868
ǆ	1	0.0001025220422390814	13.251778257035868
ǈ	1	0.0001025220422390814	13.251778257035868
ǉ	1	0.0001025220422390814	13.251778257035868
ǎ	1	0.0001025220422390814	13.251778257035868
Ȗ	1	0.0001025220422390814	13.251778257035868
ț	1	0.0001025220422390814	13.251778257035868
Ⱥ	1	0.0001025220422390814	13.251778257035868
ȼ	1	0.0001025220422390814	13.251778257035868
ɐ	1	0.0001025220422390814	13.251778257035868
ɑ	1	0.0001025220422390814	13.251778257035868
ɒ	1	0.0001025220422390814	13.251778257035868
ɓ	1	0.0001025220422390814	13.251778257035868
ɠ	1	0.0001025220422390814	13.251778257035868
ɡ	1	0.0001025220422390814	13.251778257035868
ɢ	1	0.0001025220422390814	13.251778257035868
ɣ	1	0.0001025220422390814	13.251778257035868
ɤ	1	0.0001025220422390814	13.251778257035868
ɦ	1	0.0001025220422390814	13.251778257035868
ɧ	1	0.0001025220422390814	13.251778257035868
ɨ	1	0.0001025220422390814	13.251778257035868
ɩ	1	0.0001025220422390814	13.251778257035868
ɬ	1	0.0001025220422390814	13.251778257035868
ʅ	1	0.0001025220422390814	13.251778257035868
ʇ	1	0.0001025220422390814	13.251778257035868
ʈ	1	0.0001025220422390814	13.251778257035868
ʌ	1	0.0001025220422390814	13.251778257035868
ʚ	1	0.0001025220422390814	13.251778257035868
ʪ	1	0.0001025220422390814	13.251778257035868
ʫ	1	0.0001025220422390814	13.251778257035868
ʳ	1	0.0001025220422390814	13.251778257035868
ʵ	1	0.0001025220422390814	13.251778257035868
ʺ	1	0.0001025220422390814	13.251778257035868
˔	1	0.0001025220422390814	13.251778257035868
˕	1	0.0001025220422390814	13.251778257035868
˖	1	0.0001025220422390814	13.251778257035868
˶	1	0.0001025220422390814	13.251778257035868
˷	1	0.0001025220422390814	13.251778257035868
˸	1	0.0001025220422390814	13.251778257035868
˼	1	0.0001025220422390814	13.251778257035868
̃	1	0.0001025220422390814	13.251778257035868
̄	1	0.0001025220422390814	13.251778257035868
̅	1	0.0001025220422390814	13.251778257035868
̇	1	0.0001025220422390814	13.251778257035868
̈	1	0.0001025220422390814	13.251778257035868
̏	1	0.0001025220422390814	13.251778257035868
̐	1	0.0001025220422390814	13.251778257035868
̒	1	0.0001025220422390814	13.251778257035868
̓	1	0.0001025220422390814	13.251778257035868
̔	1	0.0001025220422390814	13.251778257035868
̕	1	0.0001025220422390814	13.251778257035868
̖	1	0.0001025220422390814	13.251778257035868
̗	1	0.0001025220422390814	13.251778257035868
̘	1	0.0001025220422390814	13.251778257035868
̙	1	0.0001025220422390814	13.251778257035868
̚	1	0.0001025220422390814	13.251778257035868
̛	1	0.0001025220422390814	13.251778257035868
̜	1	0.0001025220422390814	13.251778257035868
̝	1	0.0001025220422390814	13.251778257035868
̞	1	0.0001025220422390814	13.251778257035868
̟	1	0.0001025220422390814	13.251778257035868
̠	1	0.0001025220422390814	13.251778257035868
̡	1	0.0001025220422390814	13.251778257035868
̢	1	0.0001025220422390814	13.251778257035868
̣	1	0.0001025220422390814	13.251778257035868
̤	1	0.0001025220422390814	13.251778257035868
̥	1	0.0001025220422390814	13.251778257035868
̦	1	0.0001025220422390814	13.251778257035868
̧	1	0.0001025220422390814	13.251778257035868
̨	1	0.0001025220422390814	13.251778257035868
̩	1	0.0001025220422390814	13.251778257035868
̫	1	0.0001025220422390814	13.251778257035868
̬	1	0.0001025220422390814	13.251778257035868
̻	1	0.0001025220422390814	13.251778257035868
̿	1	0.0001025220422390814	13.251778257035868
͉	1	0.0001025220422390814	13.251778257035868
͊	1	0.0001025220422390814	13.251778257035868
͋	1	0.0001025220422390814	13.251778257035868
͎	1	0.0001025220422390814	13.251778257035868
͏	1	0.0001025220422390814	13.251778257035868
͓	1	0.0001025220422390814	13.251778257035868
͔	1	0.0001025220422390814	13.251778257035868
͖	1	0.0001025220422390814	13.251778257035868
͗	1	0.0001025220422390814	13.251778257035868
͛	1	0.0001025220422390814	13.251778257035868
͝	1	0.0001025220422390814	13.251778257035868
͢	1	0.0001025220422390814	13.251778257035868
ͣ	1	0.0001025220422390814	13.251778257035868
ͤ	1	0.0001025220422390814	13.251778257035868
ͩ	1	0.0001025220422390814	13.251778257035868
ͭ	1	0.0001025220422390814	13.251778257035868
ͱ	1	0.0001025220422390814	13.251778257035868
ͳ	1	0.0001025220422390814	13.251778257035868
ʹ	1	0.0001025220422390814	13.251778257035868
ͻ	1	0.0001025220422390814	13.251778257035868
ͼ	1	0.0001025220422390814	13.251778257035868
Ώ	1	0.0001025220422390814	13.251778257035868
ΐ	1	0.0001025220422390814	13.251778257035868
Α	1	0.0001025220422390814	13.251778257035868
Ι	1	0.0001025220422390814	13.251778257035868
Ξ	1	0.0001025220422390814	13.251778257035868
Φ	1	0.0001025220422390814	13.251778257035868
Χ	1	0.0001025220422390814	13.251778257035868
Ψ	1	0.0001025220422390814	13.251778257035868
Ω	1	0.0001025220422390814	13.251778257035868
Ϋ	1	0.0001025220422390814	13.251778257035868
ά	1	0.0001025220422390814	13.251778257035868
ί	1	0.0001025220422390814	13.251778257035868
ΰ	1	0.0001025220422390814	13.251778257035868
α	1	0.0001025220422390814	13.251778257035868
β	1	0.0001025220422390814	13.251778257035868
γ	1	0.0001025220422390814	13.251778257035868
δ	1	0.0001025220422390814	13.251778257035868
ζ	1	0.0001025220422390814	13.251778257035868
η	1	0.0001025220422390814	13.251778257035868
θ	1	0.0001025220422390814	13.251778257035868
ς	1	0.0001025220422390814	13.251778257035868
Ϗ	1	0.0001025220422390814	13.251778257035868
ϐ	1	0.0001025220422390814	13.251778257035868
ϑ	1	0.0001025220422390814	13.251778257035868
ϒ	1	0.0001025220422390814	13.251778257035868
ϓ	1	0.0001025220422390814	13.251778257035868
ϕ	1	0.0001025220422390814	13.251778257035868
ϗ	1	0.0001025220422390814	13.251778257035868
Ϥ	1	0.0001025220422390814	13.251778257035868
ϥ	1	0.0001025220422390814	13.251778257035868
ϩ	1	0.0001025220422390814	13.251778257035868
Ϫ	1	0.0001025220422390814	13.251778257035868
ϸ	1	0.0001025220422390814	13.251778257035868
ϻ	1	0.0001025220422390814	13.251778257035868
ϼ	1	0.0001025220422390814	13.251778257035868
Ͻ	1	0.0001025220422390814	13.251778257035868
Ͼ	1	0.0001025220422390814	13.251778257035868
Ї	1	0.0001025220422390814	13.251778257035868
В	1	0.0001025220422390814	13.251778257035868
З	1	0.0001025220422390814	13.251778257035868
С	1	0.0001025220422390814	13.251778257035868
Т	1	0.0001025220422390814	13.251778257035868
Ч	1	0.0001025220422390814	13.251778257035868
Ю	1	0.0001025220422390814	13.251778257035868
а	1	0.0001025220422390814	13.251778257035868
д	1	0.0001025220422390814	13.251778257035868
й	1	0.0001025220422390814	13.251778257035868
л	1	0.0001025220422390814	13.251778257035868
р	1	0.0001025220422390814	13.251778257035868
ь	1	0.0001025220422390814	13.251778257035868
ѐ	1	0.0001025220422390814	13.251778257035868
ђ	1	0.0001025220422390814	13.251778257035868
і	1	0.0001025220422390814	13.251778257035868
ї	1	0.0001025220422390814	13.251778257035868
њ	1	0.0001025220422390814	13.251778257035868
ћ	1	0.0001025220422390814	13.251778257035868
ќ	1	0.0001025220422390814	13.251778257035868
ѝ	1	0.0001025220422390814	13.251778257035868
Ѡ	1	0.0001025220422390814	13.251778257035868
ѡ	1	0.0001025220422390814	13.251778257035868
Ѣ	1	0.0001025220422390814	13.251778257035868
ѥ	1	0.0001025220422390814	13.251778257035868
Ѧ	1	0.0001025220422390814	13.251778257035868
ѫ	1	0.0001025220422390814	13.251778257035868
Ѭ	1	0.0001025220422390814	13.251778257035868
ѭ	1	0.0001025220422390814	13.251778257035868
Ѯ	1	0.0001025220422390814	13.251778257035868
Ѳ	1	0.0001025220422390814	13.251778257035868
ѳ	1	0.0001025220422390814	13.251778257035868
ѵ	1	0.0001025220422390814	13.251778257035868
Ѷ	1	0.0001025220422390814	13.251778257035868
ѹ	1	0.0001025220422390814	13.251778257035868
Ѻ	1	0.0001025220422390814	13.251778257035868
ѽ	1	0.0001025220422390814	13.251778257035868
ҁ	1	0.0001025220422390814	13.251778257035868
҂	1	0.0001025220422390814	13.251778257035868
҃	1	0.0001025220422390814	13.251778257035868
҆	1	0.0001025220422390814	13.251778257035868
҇	1	0.0001025220422390814	13.251778257035868
҈	1	0.0001025220422390814	13.251778257035868
҉	1	0.0001025220422390814	13.251778257035868
ҋ	1	0.0001025220422390814	13.251778257035868
ҍ	1	0.0001025220422390814	13.251778257035868
Ґ	1	0.0001025220422390814	13.251778257035868
ґ	1	0.0001025220422390814	13.251778257035868
ғ	1	0.0001025220422390814	13.251778257035868
Ҕ	1	0.0001025220422390814	13.251778257035868
ҕ	1	0.0001025220422390814	13.251778257035868
Җ	1	0.0001025220422390814	13.251778257035868
җ	1	0.0001025220422390814	13.251778257035868
қ	1	0.0001025220422390814	13.251778257035868
Ҡ	1	0.0001025220422390814	13.251778257035868
Ң	1	0.0001025220422390814	13.251778257035868
ҥ	1	0.0001025220422390814	13.251778257035868
ҧ	1	0.0001025220422390814	13.251778257035868
Ҩ	1	0.0001025220422390814	13.251778257035868
ҩ	1	0.0001025220422390814	13.251778257035868
Ҫ	1	0.0001025220422390814	13.251778257035868
ҫ	1	0.0001025220422390814	13.251778257035868
Ҭ	1	0.0001025220422390814	13.251778257035868
ҭ	1	0.0001025220422390814	13.251778257035868
Ү	1	0.0001025220422390814	13.251778257035868
ү	1	0.0001025220422390814	13.251778257035868
Ұ	1	0.0001025220422390814	13.251778257035868
ұ	1	0.0001025220422390814	13.251778257035868
Ҳ	1	0.0001025220422390814	13.251778257035868
ҳ	1	0.0001025220422390814	13.251778257035868
Ҵ	1	0.0001025220422390814	13.251778257035868
ҵ	1	0.0001025220422390814	13.251778257035868
Ҷ	1	0.0001025220422390814	13.251778257035868
ҷ	1	0.0001025220422390814	13.251778257035868
Ҹ	1	0.0001025220422390814	13.251778257035868
Һ	1	0.0001025220422390814	13.251778257035868
ӈ	1	0.0001025220422390814	13.251778257035868
Ӊ	1	0.0001025220422390814	13.251778257035868
ӌ	1	0.0001025220422390814	13.251778257035868
Ӓ	1	0.0001025220422390814	13.251778257035868
ӓ	1	0.0001025220422390814	13.251778257035868
Ӕ	1	0.0001025220422390814	13.251778257035868
ӛ	1	0.0001025220422390814	13.251778257035868
Ӝ	1	0.0001025220422390814	13.251778257035868
Ӟ	1	0.0001025220422390814	13.251778257035868
Ӣ	1	0.0001025220422390814	13.251778257035868
ӧ	1	0.0001025220422390814	13.251778257035868
ө	1	0.0001025220422390814	13.251778257035868
ӫ	1	0.0001025220422390814	13.251778257035868
Ӭ	1	0.0001025220422390814	13.251778257035868
ӭ	1	0.0001025220422390814	13.251778257035868
Ӯ	1	0.0001025220422390814	13.251778257035868
ӯ	1	0.0001025220422390814	13.251778257035868
Ӱ	1	0.0001025220422390814	13.251778257035868
ӱ	1	0.0001025220422390814	13.251778257035868
Ӳ	1	0.0001025220422390814	13.251778257035868
Ӵ	1	0.0001025220422390814	13.251778257035868
