Overall entropy: 7.82459616362384
Size of tokens: 15416
Size of types: 1610

word	freq	prob	entropy
ϲ	1155	0.07492215879605604	3.738463719992301
Ϯ	927	0.06013233004670472	4.055715327670191
ϰ	888	0.057602490918526206	4.117724989945615
ϻ	727	0.047158796056045664	4.406329302376127
Ѐ	477	0.030941878567721848	5.01429540029021
Ђ	435	0.028217436429683447	5.147269265559631
ϫЀ	354	0.022963155163466527	5.444535306212724
Ϲ	309	0.02004411001556824	5.640677828391347
ϰЀ	256	0.01660612350804359	5.912140856295722
ϰϱ	205	0.013297872340425532	6.232660756790275
ϸϱ	184	0.011935651271406332	6.388578900238708
ϷϽ	159	0.010313959522573949	6.599257901011367
Ϲϲ	149	0.009665282823040997	6.69297233583356
ϸЀ	124	0.008043591074208614	6.9579445459088465
ϰϮ	121	0.007848988064348729	6.993277619021127
ϰϲ	120	0.007784120394395433	7.005250260687204
ϲϪ	118	0.007654385054488843	7.02949780693388
Ѐϭ	115	0.007459782044628957	7.066650805351347
ϲϲ	100	0.006486766995329528	7.268284666520996
ϲϨ	97	0.006292163985469642	7.312228014108594
ϰϪ	95	0.006162428645563051	7.3422852479647736
ϾϨ	93	0.006032693305656461	7.3729820451876895
Ϩϱ	91	0.00590295796574987	7.404346216097024
ϹϨ	90	0.005838090295796575	7.420287759966047
ϾЀ	89	0.00577322262584328	7.436407425329323
ϰϲЂ	87	0.005643487285936689	7.4691973604469935
ϱϹϰЀ	85	0.005513751946030099	7.50274992015802
ϲϳЀ	81	0.005254281266216918	7.572290853411096
Ѐϲ	78	0.005059678256357032	7.626738637433474
Ϲϱ	77	0.004994810586403736	7.64535431560082
ϰЀϨ	68	0.0044110015568240785	7.824678015045382
ϲϳЀϱ	66	0.004281266216917488	7.867746736937267
ЀϾ	66	0.004281266216917488	7.867746736937267
Ͽ	55	0.0035677218474312405	8.130781142771061
Ђϱϰ	55	0.0035677218474312405	8.130781142771061
ϨϺ	54	0.003502854177477945	8.157253354132253
ϱЀ	53	0.0034379865075246496	8.18422040173252
Ђϴ	52	0.0033731188375713543	8.211701138154629
ЀϽϰ	50	0.003243383497664764	8.268284666520996
Ϩϸ	50	0.003243383497664764	8.268284666520996
ϭ	49	0.0031785158277114686	8.297431012180514
ϬЀϱ	47	0.003048780487804878	8.357552004618084
ϱϲϲ	47	0.003048780487804878	8.357552004618084
ϰϮϴ	47	0.003048780487804878	8.357552004618084
ϫϲϭ	47	0.003048780487804878	8.357552004618084
Ϲϸ	46	0.002983912817851583	8.38857890023871
ϺϾϱ	46	0.002983912817851583	8.38857890023871
Ϩϲ	45	0.0029190451478982877	8.420287759966046
ϳϲ	45	0.0029190451478982877	8.420287759966046
Ϩ	43	0.002789309807991697	8.485876101593623
ϹϺ	43	0.002789309807991697	8.485876101593623
ϸϱϴ	43	0.002789309807991697	8.485876101593623
ϭϲϾ	43	0.002789309807991697	8.485876101593623
ϲϱ	42	0.0027244421380384016	8.51982343351696
ϹϷϮ	41	0.0026595744680851063	8.554588851677638
ϲϪϨ	40	0.002594706798131811	8.59021276140836
ϭϺ	39	0.002529839128178516	8.626738637433473
ϾϸЀ	39	0.002529839128178516	8.626738637433473
ϸϨЀ	37	0.0024001037882719254	8.702687490666772
Ϯϰ	37	0.0024001037882719254	8.702687490666772
ϫϨϸ	37	0.0024001037882719254	8.702687490666772
ϮϺϭϨ	37	0.0024001037882719254	8.702687490666772
ϱϲ	37	0.0024001037882719254	8.702687490666772
Ͻϰ	36	0.00233523611831863	8.74221585485341
ϮϽϱ	36	0.00233523611831863	8.74221585485341
ϲϻЀ	35	0.002270368448365335	8.782857839350754
ϰϨ	35	0.002270368448365335	8.782857839350754
ϰϮϴϱ	34	0.0022055007784120392	8.824678015045382
ϰϰ	34	0.0022055007784120392	8.824678015045382
ϱϰ	34	0.0022055007784120392	8.824678015045382
Ϯϱ	33	0.002140633108458744	8.867746736937267
ϭϩ	33	0.002140633108458744	8.867746736937267
ϮϺϺ	32	0.0020757654385054488	8.912140856295721
Ϲϴ	31	0.0020108977685521535	8.957944545908846
ϰЀϴ	31	0.0020108977685521535	8.957944545908846
ЂϺ	31	0.0020108977685521535	8.957944545908846
ϸϨ	31	0.0020108977685521535	8.957944545908846
ϳϹ	30	0.0019460300985988583	9.005250260687202
ϱϷϺ	29	0.001881162428645563	9.054159861168149
ϮϱϨ	28	0.0018162947586922678	9.104785934238118
Ѐϻ	28	0.0018162947586922678	9.104785934238118
ϲϷ	27	0.0017514270887389724	9.157253354132253
ϲϨϨ	27	0.0017514270887389724	9.157253354132253
ϲϨϴ	27	0.0017514270887389724	9.157253354132253
ϼЀ	27	0.0017514270887389724	9.157253354132253
ϨϮ	26	0.0016865594187856772	9.211701138154629
ϼϨ	26	0.0016865594187856772	9.211701138154629
ϸϲ	26	0.0016865594187856772	9.211701138154629
ϺϾ	26	0.0016865594187856772	9.211701138154629
ϰϹϨ	26	0.0016865594187856772	9.211701138154629
ϾϹϻ	25	0.001621691748832382	9.268284666520996
ϼЀϨ	25	0.001621691748832382	9.268284666520996
ϹϾϮ	25	0.001621691748832382	9.268284666520996
ϮϽϨ	24	0.0015568240788790867	9.327178355574565
Ϯϫ	24	0.0015568240788790867	9.327178355574565
ϸЀϨ	23	0.0014919564089257915	9.38857890023871
ϲϹϱϨ	23	0.0014919564089257915	9.38857890023871
ϫϺ	23	0.0014919564089257915	9.38857890023871
Ϯϲ	22	0.001427088738972496	9.452709237658425
ϯϹ	22	0.001427088738972496	9.452709237658425
ϻϴ	22	0.001427088738972496	9.452709237658425
ϪϺ	22	0.001427088738972496	9.452709237658425
ϰЀϨϴ	21	0.0013622210690192008	9.519823433516962
ϹϺϱ	21	0.0013622210690192008	9.519823433516962
ϪϺϱ	21	0.0013622210690192008	9.519823433516962
ϱϺϨ	20	0.0012973533990659055	9.59021276140836
ϭϫϭ	20	0.0012973533990659055	9.59021276140836
ϺϾϨ	20	0.0012973533990659055	9.59021276140836
ϹϾϨ	20	0.0012973533990659055	9.59021276140836
Ϩϱϴ	20	0.0012973533990659055	9.59021276140836
ϱϰϺ	20	0.0012973533990659055	9.59021276140836
ϫЀϴ	19	0.0012324857291126103	9.664213342852134
ϬϺ	19	0.0012324857291126103	9.664213342852134
ϰϹ	19	0.0012324857291126103	9.664213342852134
ϭϫϺ	19	0.0012324857291126103	9.664213342852134
ϰϱϲϱ	19	0.0012324857291126103	9.664213342852134
ϸϻϴ	19	0.0012324857291126103	9.664213342852134
ϷϨ	18	0.001167618059159315	9.74221585485341
ϷЀ	18	0.001167618059159315	9.74221585485341
ϷϫϱϨϴ	18	0.001167618059159315	9.74221585485341
ϰϺϨ	18	0.001167618059159315	9.74221585485341
ЁϹϺϱ	17	0.0011027503892060196	9.824678015045382
ϰϽϨ	17	0.0011027503892060196	9.824678015045382
ϫϱϨ	17	0.0011027503892060196	9.824678015045382
ϯϮ	17	0.0011027503892060196	9.824678015045382
ϲϰϱϨ	17	0.0011027503892060196	9.824678015045382
ϱϷ	17	0.0011027503892060196	9.824678015045382
ϹϾЀ	17	0.0011027503892060196	9.824678015045382
ϪϱϨ	17	0.0011027503892060196	9.824678015045382
ϱϭ	17	0.0011027503892060196	9.824678015045382
Ϻϱ	17	0.0011027503892060196	9.824678015045382
ϲϪϱ	17	0.0011027503892060196	9.824678015045382
ϰϨϮ	17	0.0011027503892060196	9.824678015045382
ϱϲϮ	16	0.0010378827192527244	9.912140856295721
ϭϱϴ	16	0.0010378827192527244	9.912140856295721
ϰϩЀ	16	0.0010378827192527244	9.912140856295721
ϽϽ	16	0.0010378827192527244	9.912140856295721
ϹϱϺ	16	0.0010378827192527244	9.912140856295721
ϯЀϫ	16	0.0010378827192527244	9.912140856295721
ϮϺ	16	0.0010378827192527244	9.912140856295721
ϾЀϱ	16	0.0010378827192527244	9.912140856295721
ϾϻϨϴϱ	16	0.0010378827192527244	9.912140856295721
ϩϽ	15	0.0009730150492994292	10.005250260687202
ϽϱϺ	15	0.0009730150492994292	10.005250260687202
Ё	15	0.0009730150492994292	10.005250260687202
ϱϺϷ	15	0.0009730150492994292	10.005250260687202
ϹϪϺ	15	0.0009730150492994292	10.005250260687202
ϾϮ	15	0.0009730150492994292	10.005250260687202
ϾϻϨ	15	0.0009730150492994292	10.005250260687202
ϷϹ	15	0.0009730150492994292	10.005250260687202
ϱϹЀ	15	0.0009730150492994292	10.005250260687202
ϲϫϮ	15	0.0009730150492994292	10.005250260687202
ϮϺϭϨϴ	15	0.0009730150492994292	10.005250260687202
ЂϺϨ	14	0.0009081473793461339	10.104785934238118
ϱ	14	0.0009081473793461339	10.104785934238118
ϸϼЀ	14	0.0009081473793461339	10.104785934238118
ЀϮϳ	14	0.0009081473793461339	10.104785934238118
ϮϹ	14	0.0009081473793461339	10.104785934238118
ϯЀ	14	0.0009081473793461339	10.104785934238118
Ϩϰ	14	0.0009081473793461339	10.104785934238118
ϫϭϱ	14	0.0009081473793461339	10.104785934238118
ϮϰϨϨ	13	0.0008432797093928386	10.211701138154629
ϽЀ	13	0.0008432797093928386	10.211701138154629
ϲϫϫ	13	0.0008432797093928386	10.211701138154629
Ϫϱ	13	0.0008432797093928386	10.211701138154629
ϫϫ	13	0.0008432797093928386	10.211701138154629
Ёϱ	13	0.0008432797093928386	10.211701138154629
ЁϹϸ	13	0.0008432797093928386	10.211701138154629
ϰϳ	13	0.0008432797093928386	10.211701138154629
ЁϮϹ	13	0.0008432797093928386	10.211701138154629
ϰϮϨ	13	0.0008432797093928386	10.211701138154629
ϮЂ	13	0.0008432797093928386	10.211701138154629
ЂϺϱ	13	0.0008432797093928386	10.211701138154629
ϾϸЀϱ	13	0.0008432797093928386	10.211701138154629
ϱЀϨ	13	0.0008432797093928386	10.211701138154629
ϱϭϪ	13	0.0008432797093928386	10.211701138154629
ϫϲϲ	13	0.0008432797093928386	10.211701138154629
ϳϺϱ	13	0.0008432797093928386	10.211701138154629
ϮЀ	12	0.0007784120394395433	10.327178355574565
ϹϱЀϰ	12	0.0007784120394395433	10.327178355574565
ϮϹϨ	12	0.0007784120394395433	10.327178355574565
ϫϮϹ	12	0.0007784120394395433	10.327178355574565
ϹϮϲ	12	0.0007784120394395433	10.327178355574565
ϯЀϨ	12	0.0007784120394395433	10.327178355574565
ϷϽϨ	12	0.0007784120394395433	10.327178355574565
ϩϺ	12	0.0007784120394395433	10.327178355574565
ϫϷ	12	0.0007784120394395433	10.327178355574565
ϹϷϮϱ	12	0.0007784120394395433	10.327178355574565
ϰϮϲϨ	12	0.0007784120394395433	10.327178355574565
ϲϱϨ	12	0.0007784120394395433	10.327178355574565
ϹϳϺϱ	12	0.0007784120394395433	10.327178355574565
Ϸϱ	12	0.0007784120394395433	10.327178355574565
ϲϾϲ	12	0.0007784120394395433	10.327178355574565
ϷϺϷϺϨ	11	0.000713544369486248	10.452709237658425
ϹϰϺ	11	0.000713544369486248	10.452709237658425
ϮϺϭ	11	0.000713544369486248	10.452709237658425
ϹЁϮ	11	0.000713544369486248	10.452709237658425
Ϲϲϱ	11	0.000713544369486248	10.452709237658425
ЁϱϨ	11	0.000713544369486248	10.452709237658425
ϰϺЀϱ	11	0.000713544369486248	10.452709237658425
ϹϮϺ	11	0.000713544369486248	10.452709237658425
ϫϲϩϨ	10	0.0006486766995329528	10.59021276140836
ϰϱϨ	10	0.0006486766995329528	10.59021276140836
ЀϽϰϨ	10	0.0006486766995329528	10.59021276140836
ϾϲϨ	10	0.0006486766995329528	10.59021276140836
ϸϨϫ	10	0.0006486766995329528	10.59021276140836
ϲϻЀϨ	10	0.0006486766995329528	10.59021276140836
ϪϺϫ	10	0.0006486766995329528	10.59021276140836
ЁϮ	10	0.0006486766995329528	10.59021276140836
ϮЀϱϨ	10	0.0006486766995329528	10.59021276140836
ϫϫϱ	10	0.0006486766995329528	10.59021276140836
ϮϺϨ	9	0.0005838090295796575	10.74221585485341
ϮЀϫϨ	9	0.0005838090295796575	10.74221585485341
ϰϱϫ	9	0.0005838090295796575	10.74221585485341
ϸ	9	0.0005838090295796575	10.74221585485341
ϫϹϪ	9	0.0005838090295796575	10.74221585485341
ЀϽϱϴ	9	0.0005838090295796575	10.74221585485341
ϫϮ	9	0.0005838090295796575	10.74221585485341
ϰϾ	9	0.0005838090295796575	10.74221585485341
ϪϰϺ	9	0.0005838090295796575	10.74221585485341
ϺϨ	9	0.0005838090295796575	10.74221585485341
ϸϺ	9	0.0005838090295796575	10.74221585485341
ϷϽϱ	9	0.0005838090295796575	10.74221585485341
ϯЀϯ	9	0.0005838090295796575	10.74221585485341
ϨЂϲ	9	0.0005838090295796575	10.74221585485341
ϰЀϱ	9	0.0005838090295796575	10.74221585485341
Ϲϰϸ	9	0.0005838090295796575	10.74221585485341
ϹЂ	9	0.0005838090295796575	10.74221585485341
ϱϴ	9	0.0005838090295796575	10.74221585485341
ϰϹϻϨ	9	0.0005838090295796575	10.74221585485341
ϭϱϺ	9	0.0005838090295796575	10.74221585485341
ЁϭϽ	9	0.0005838090295796575	10.74221585485341
ϨϺϱϴ	9	0.0005838090295796575	10.74221585485341
ϪϰЂ	9	0.0005838090295796575	10.74221585485341
ϹϷϨ	9	0.0005838090295796575	10.74221585485341
ЀϱϽ	8	0.0005189413596263622	10.912140856295721
Ϲϲϻ	8	0.0005189413596263622	10.912140856295721
Ϩϴ	8	0.0005189413596263622	10.912140856295721
ϼϲϱ	8	0.0005189413596263622	10.912140856295721
ϻϲϽ	8	0.0005189413596263622	10.912140856295721
ϫϺϨϴ	8	0.0005189413596263622	10.912140856295721
ϹЀϱ	8	0.0005189413596263622	10.912140856295721
ϭϱϲ	8	0.0005189413596263622	10.912140856295721
ϱϫϮ	8	0.0005189413596263622	10.912140856295721
ϨЀ	8	0.0005189413596263622	10.912140856295721
ϹϩϽ	8	0.0005189413596263622	10.912140856295721
ϲϨϻ	8	0.0005189413596263622	10.912140856295721
ϭϺϸϸ	8	0.0005189413596263622	10.912140856295721
ϩϪϫ	8	0.0005189413596263622	10.912140856295721
ϰϨϲ	8	0.0005189413596263622	10.912140856295721
ϲϮϨ	8	0.0005189413596263622	10.912140856295721
ϭϺϨ	8	0.0005189413596263622	10.912140856295721
ЀϽϴ	8	0.0005189413596263622	10.912140856295721
ϾϾϴ	8	0.0005189413596263622	10.912140856295721
ϽϱϺϨ	7	0.00045407368967306696	11.104785934238118
ϭϱϨ	7	0.00045407368967306696	11.104785934238118
ϹϷЀ	7	0.00045407368967306696	11.104785934238118
ϸϹЁ	7	0.00045407368967306696	11.104785934238118
ϬϺϱ	7	0.00045407368967306696	11.104785934238118
ЂϨ	7	0.00045407368967306696	11.104785934238118
ϫЀϴϱ	7	0.00045407368967306696	11.104785934238118
ЁϹ	7	0.00045407368967306696	11.104785934238118
ϰϺϱ	7	0.00045407368967306696	11.104785934238118
ЀϾϴϨ	7	0.00045407368967306696	11.104785934238118
ϮϹϱ	7	0.00045407368967306696	11.104785934238118
ϮЀϴ	7	0.00045407368967306696	11.104785934238118
ϾЀϸ	7	0.00045407368967306696	11.104785934238118
ϩϹϲ	7	0.00045407368967306696	11.104785934238118
ϱϺϫ	7	0.00045407368967306696	11.104785934238118
ϸϫ	7	0.00045407368967306696	11.104785934238118
ϰϱϨϴ	7	0.00045407368967306696	11.104785934238118
ϨϬ	7	0.00045407368967306696	11.104785934238118
ϩϭϫ	7	0.00045407368967306696	11.104785934238118
ЂϻϺ	7	0.00045407368967306696	11.104785934238118
ϭϩϺ	7	0.00045407368967306696	11.104785934238118
ϲϹЀ	7	0.00045407368967306696	11.104785934238118
ЁϲϨ	7	0.00045407368967306696	11.104785934238118
ϹϻϾ	7	0.00045407368967306696	11.104785934238118
Ͼϱ	7	0.00045407368967306696	11.104785934238118
ϨϱϨ	7	0.00045407368967306696	11.104785934238118
ϱϸ	7	0.00045407368967306696	11.104785934238118
ϰϸϲ	7	0.00045407368967306696	11.104785934238118
ϾϲϨϴ	7	0.00045407368967306696	11.104785934238118
ϱϪϲ	7	0.00045407368967306696	11.104785934238118
Ϫϲϱ	7	0.00045407368967306696	11.104785934238118
ϼϺϨ	7	0.00045407368967306696	11.104785934238118
ϰϸϱ	7	0.00045407368967306696	11.104785934238118
ϫϭϸ	7	0.00045407368967306696	11.104785934238118
ЁϲϴϨ	7	0.00045407368967306696	11.104785934238118
ϱϹϾϨ	7	0.00045407368967306696	11.104785934238118
ϭϾϮ	7	0.00045407368967306696	11.104785934238118
Ͼϭ	7	0.00045407368967306696	11.104785934238118
ϹϩϽϱϨ	7	0.00045407368967306696	11.104785934238118
ϰϱϨϨ	7	0.00045407368967306696	11.104785934238118
ЂϺϸ	6	0.0003892060197197717	11.327178355574565
Ϭϲϱ	6	0.0003892060197197717	11.327178355574565
ϰϮϴϱϨ	6	0.0003892060197197717	11.327178355574565
ϰϭ	6	0.0003892060197197717	11.327178355574565
ϮЀϨ	6	0.0003892060197197717	11.327178355574565
ϹϲϪ	6	0.0003892060197197717	11.327178355574565
ϱϷϭ	6	0.0003892060197197717	11.327178355574565
Ϩϲϱ	6	0.0003892060197197717	11.327178355574565
ϹϾϺ	6	0.0003892060197197717	11.327178355574565
Ϲϻ	6	0.0003892060197197717	11.327178355574565
ϫϺϨ	6	0.0003892060197197717	11.327178355574565
ϱЀϱ	6	0.0003892060197197717	11.327178355574565
ϫϱ	6	0.0003892060197197717	11.327178355574565
ϭϫϭϱ	6	0.0003892060197197717	11.327178355574565
ϹϲϽ	6	0.0003892060197197717	11.327178355574565
ϾϸЀϨ	6	0.0003892060197197717	11.327178355574565
ЂϮ	6	0.0003892060197197717	11.327178355574565
ϱϽ	6	0.0003892060197197717	11.327178355574565
ϭϮ	6	0.0003892060197197717	11.327178355574565
ϫϮϨ	6	0.0003892060197197717	11.327178355574565
ϰϲϨ	6	0.0003892060197197717	11.327178355574565
ϹϫϨϸ	6	0.0003892060197197717	11.327178355574565
ϫϮϱ	6	0.0003892060197197717	11.327178355574565
ϹЀϱϽ	6	0.0003892060197197717	11.327178355574565
ϱϪϺ	6	0.0003892060197197717	11.327178355574565
ϰЀϻ	6	0.0003892060197197717	11.327178355574565
ϰϸ	6	0.0003892060197197717	11.327178355574565
ЁϨϺϱ	6	0.0003892060197197717	11.327178355574565
ϷϹЀ	6	0.0003892060197197717	11.327178355574565
ϰϾϮϱ	6	0.0003892060197197717	11.327178355574565
ϱϷϺϨ	6	0.0003892060197197717	11.327178355574565
ϲϱϴ	6	0.0003892060197197717	11.327178355574565
ϫϸϴ	6	0.0003892060197197717	11.327178355574565
ϲЀϱ	6	0.0003892060197197717	11.327178355574565
ϬϬ	6	0.0003892060197197717	11.327178355574565
ϰϲϲ	6	0.0003892060197197717	11.327178355574565
ϹϱϫϨ	6	0.0003892060197197717	11.327178355574565
ϸϹϽ	6	0.0003892060197197717	11.327178355574565
ϲϫϪ	6	0.0003892060197197717	11.327178355574565
ϾϲϽ	6	0.0003892060197197717	11.327178355574565
ϳϫϲϨ	6	0.0003892060197197717	11.327178355574565
ϭЀ	6	0.0003892060197197717	11.327178355574565
ЁϮϹϱ	6	0.0003892060197197717	11.327178355574565
ϹϪЂ	6	0.0003892060197197717	11.327178355574565
ϮϼϲϨ	6	0.0003892060197197717	11.327178355574565
ϺϱϨ	6	0.0003892060197197717	11.327178355574565
ϱϭЀϨ	6	0.0003892060197197717	11.327178355574565
ϪϨϴ	6	0.0003892060197197717	11.327178355574565
ϽϽϱ	6	0.0003892060197197717	11.327178355574565
ϾϮϲϱ	6	0.0003892060197197717	11.327178355574565
ϩϹϱ	6	0.0003892060197197717	11.327178355574565
ϹϽ	6	0.0003892060197197717	11.327178355574565
ϳϱϴ	6	0.0003892060197197717	11.327178355574565
ϹϲϳЀ	5	0.0003243383497664764	11.590212761408358
ϹϹϲϨ	5	0.0003243383497664764	11.590212761408358
ϸϹ	5	0.0003243383497664764	11.590212761408358
ϰϪϫϱ	5	0.0003243383497664764	11.590212761408358
ЀϾϨ	5	0.0003243383497664764	11.590212761408358
Ёϲϴ	5	0.0003243383497664764	11.590212761408358
ϫϹϺ	5	0.0003243383497664764	11.590212761408358
ϰЁϽ	5	0.0003243383497664764	11.590212761408358
ϫϲϨ	5	0.0003243383497664764	11.590212761408358
ϫϹ	5	0.0003243383497664764	11.590212761408358
ϳϺ	5	0.0003243383497664764	11.590212761408358
ϸϻϺ	5	0.0003243383497664764	11.590212761408358
Ϫϰϲ	5	0.0003243383497664764	11.590212761408358
Ёϲϱ	5	0.0003243383497664764	11.590212761408358
ϮϹϴ	5	0.0003243383497664764	11.590212761408358
ϹϮϹϱ	5	0.0003243383497664764	11.590212761408358
ϲϰϹ	5	0.0003243383497664764	11.590212761408358
ϮϲϾ	5	0.0003243383497664764	11.590212761408358
ϱϲϨ	5	0.0003243383497664764	11.590212761408358
ϹϨϰ	5	0.0003243383497664764	11.590212761408358
ϮϨϱϨ	5	0.0003243383497664764	11.590212761408358
ϹϮϰ	5	0.0003243383497664764	11.590212761408358
ϱϹϾ	5	0.0003243383497664764	11.590212761408358
ϷϻϺϱ	5	0.0003243383497664764	11.590212761408358
ϾϮϨ	5	0.0003243383497664764	11.590212761408358
ϭϲϽ	5	0.0003243383497664764	11.590212761408358
ϫϪϹ	5	0.0003243383497664764	11.590212761408358
ϸЀϱ	5	0.0003243383497664764	11.590212761408358
ϮЀЀ	5	0.0003243383497664764	11.590212761408358
ϹϮϲϨ	5	0.0003243383497664764	11.590212761408358
ϹЀ	5	0.0003243383497664764	11.590212761408358
ϹϮϺϱ	5	0.0003243383497664764	11.590212761408358
ϩЀϹ	5	0.0003243383497664764	11.590212761408358
ϱϲϲϴϱ	5	0.0003243383497664764	11.590212761408358
ϱϺϱϨ	5	0.0003243383497664764	11.590212761408358
ϱЀϽ	5	0.0003243383497664764	11.590212761408358
ϱϲϱ	5	0.0003243383497664764	11.590212761408358
ϪϹЂϱ	5	0.0003243383497664764	11.590212761408358
ϲϱϲ	5	0.0003243383497664764	11.590212761408358
ϮЂϨ	5	0.0003243383497664764	11.590212761408358
ϲϻЀϱ	5	0.0003243383497664764	11.590212761408358
ϫЀϨ	5	0.0003243383497664764	11.590212761408358
ϹϨϼ	5	0.0003243383497664764	11.590212761408358
ϰϲϸϱ	5	0.0003243383497664764	11.590212761408358
ϱϲϱϨ	5	0.0003243383497664764	11.590212761408358
Ϯϰϱ	5	0.0003243383497664764	11.590212761408358
ϫϨϮ	5	0.0003243383497664764	11.590212761408358
ЁϨϺ	5	0.0003243383497664764	11.590212761408358
ϰЀϴϱ	5	0.0003243383497664764	11.590212761408358
ϫϹϩ	5	0.0003243383497664764	11.590212761408358
ϫϺϽ	5	0.0003243383497664764	11.590212761408358
ϫЂϺϱ	5	0.0003243383497664764	11.590212761408358
ϸϹϷϨ	5	0.0003243383497664764	11.590212761408358
ϱϳϹ	5	0.0003243383497664764	11.590212761408358
ϽϪϲ	5	0.0003243383497664764	11.590212761408358
ϳϹϨ	5	0.0003243383497664764	11.590212761408358
ЁϨϱ	5	0.0003243383497664764	11.590212761408358
ϭϪϱ	5	0.0003243383497664764	11.590212761408358
ϹϱϨϴ	5	0.0003243383497664764	11.590212761408358
Ѐϱ	5	0.0003243383497664764	11.590212761408358
ЀϮϱ	5	0.0003243383497664764	11.590212761408358
ϾϺϭϱ	4	0.0002594706798131811	11.912140856295721
ϸϫϱϴ	4	0.0002594706798131811	11.912140856295721
ЂϲϹ	4	0.0002594706798131811	11.912140856295721
ϮϲϨϴ	4	0.0002594706798131811	11.912140856295721
ϲϴ	4	0.0002594706798131811	11.912140856295721
ϾϸϽϱ	4	0.0002594706798131811	11.912140856295721
ϮϱϴϨ	4	0.0002594706798131811	11.912140856295721
ϱϭЀϨϴ	4	0.0002594706798131811	11.912140856295721
ЁϮϨ	4	0.0002594706798131811	11.912140856295721
ϸϼЀϨ	4	0.0002594706798131811	11.912140856295721
ϫϺϨϴϱ	4	0.0002594706798131811	11.912140856295721
ϭϲϨϴϱ	4	0.0002594706798131811	11.912140856295721
ϮϲϨ	4	0.0002594706798131811	11.912140856295721
ϭϱϴϨ	4	0.0002594706798131811	11.912140856295721
Ϲϲϭϭ	4	0.0002594706798131811	11.912140856295721
ϽЀϨ	4	0.0002594706798131811	11.912140856295721
ϹϺϨϱ	4	0.0002594706798131811	11.912140856295721
ϲϷϮϨ	4	0.0002594706798131811	11.912140856295721
ϺϪϽ	4	0.0002594706798131811	11.912140856295721
ϫϪϹϱ	4	0.0002594706798131811	11.912140856295721
ϨϺϱ	4	0.0002594706798131811	11.912140856295721
ЁЀϨ	4	0.0002594706798131811	11.912140856295721
ϽϸϨ	4	0.0002594706798131811	11.912140856295721
ϹϹϲ	4	0.0002594706798131811	11.912140856295721
ϹϷϮϴϱ	4	0.0002594706798131811	11.912140856295721
ϷЀϱ	4	0.0002594706798131811	11.912140856295721
ϫϮϱϱ	4	0.0002594706798131811	11.912140856295721
ϭϸЀ	4	0.0002594706798131811	11.912140856295721
ϽϯϺ	4	0.0002594706798131811	11.912140856295721
ЀϮϲ	4	0.0002594706798131811	11.912140856295721
ϰϮϰ	4	0.0002594706798131811	11.912140856295721
ϭЁϺϨ	4	0.0002594706798131811	11.912140856295721
ϹϱϺϨ	4	0.0002594706798131811	11.912140856295721
Ϯϲϰ	4	0.0002594706798131811	11.912140856295721
ϽϽϨ	4	0.0002594706798131811	11.912140856295721
ϭЁϺ	4	0.0002594706798131811	11.912140856295721
ϫϺϱ	4	0.0002594706798131811	11.912140856295721
ϾϪ	4	0.0002594706798131811	11.912140856295721
ϫϷϨ	4	0.0002594706798131811	11.912140856295721
ϲϲϮ	4	0.0002594706798131811	11.912140856295721
ϲϮϨϨ	4	0.0002594706798131811	11.912140856295721
Ϩϸϴ	4	0.0002594706798131811	11.912140856295721
ϩϺϪ	4	0.0002594706798131811	11.912140856295721
ϾϲϮϹ	4	0.0002594706798131811	11.912140856295721
ϳϺϴ	4	0.0002594706798131811	11.912140856295721
ϱϲϲϨ	4	0.0002594706798131811	11.912140856295721
ϭϩϱ	4	0.0002594706798131811	11.912140856295721
ϫϨϸϱ	4	0.0002594706798131811	11.912140856295721
ϱϫϭ	4	0.0002594706798131811	11.912140856295721
ϱϽϪ	4	0.0002594706798131811	11.912140856295721
ϰϨϲϱ	4	0.0002594706798131811	11.912140856295721
ϲЂ	4	0.0002594706798131811	11.912140856295721
ϹϸϨϴ	4	0.0002594706798131811	11.912140856295721
ϹϮϺϭ	4	0.0002594706798131811	11.912140856295721
ϱϲϷϱϨ	4	0.0002594706798131811	11.912140856295721
ϹϪϰϱ	4	0.0002594706798131811	11.912140856295721
ϺϪϷϱ	4	0.0002594706798131811	11.912140856295721
ϮϲϾϱ	4	0.0002594706798131811	11.912140856295721
ϲϲϴϱ	4	0.0002594706798131811	11.912140856295721
ЁϲϪϨ	4	0.0002594706798131811	11.912140856295721
ЂϺЀϰ	4	0.0002594706798131811	11.912140856295721
ϰϺϪϨϨ	4	0.0002594706798131811	11.912140856295721
ϷϪϭϱ	4	0.0002594706798131811	11.912140856295721
ϰϮϲϨϨ	4	0.0002594706798131811	11.912140856295721
ϫϸϨ	4	0.0002594706798131811	11.912140856295721
ϾϸЀϰ	4	0.0002594706798131811	11.912140856295721
ϱЀЀϨ	4	0.0002594706798131811	11.912140856295721
ϹϲϷ	4	0.0002594706798131811	11.912140856295721
ϽϹ	4	0.0002594706798131811	11.912140856295721
ϹϮϺϨ	4	0.0002594706798131811	11.912140856295721
ϳϲϲϨ	4	0.0002594706798131811	11.912140856295721
ЀϱϨϴ	4	0.0002594706798131811	11.912140856295721
ϸϫϨϴ	4	0.0002594706798131811	11.912140856295721
Ͼϲϲ	4	0.0002594706798131811	11.912140856295721
ϱϺϷϴϨ	4	0.0002594706798131811	11.912140856295721
Ͻϲϰ	4	0.0002594706798131811	11.912140856295721
ϹϾϮϨ	4	0.0002594706798131811	11.912140856295721
ϮϨЀϱ	4	0.0002594706798131811	11.912140856295721
ЁϻЁϻϨ	4	0.0002594706798131811	11.912140856295721
ϫϨϸϱϨ	4	0.0002594706798131811	11.912140856295721
ϰϺϪϨϴ	4	0.0002594706798131811	11.912140856295721
ϹЂϨϨ	4	0.0002594706798131811	11.912140856295721
Ϫϭϫ	4	0.0002594706798131811	11.912140856295721
ЁϨϺϨ	4	0.0002594706798131811	11.912140856295721
ϰϮϹϨϴ	4	0.0002594706798131811	11.912140856295721
ЁϲϹ	4	0.0002594706798131811	11.912140856295721
ϱϷϺϱ	4	0.0002594706798131811	11.912140856295721
ϾϮϴ	4	0.0002594706798131811	11.912140856295721
ϳϱ	4	0.0002594706798131811	11.912140856295721
ϫЀϱ	4	0.0002594706798131811	11.912140856295721
ϫϻϺϱ	4	0.0002594706798131811	11.912140856295721
ϲϫϪϨ	3	0.00019460300985988584	12.327178355574567
ϱϺϷϨ	3	0.00019460300985988584	12.327178355574567
Ͼϸ	3	0.00019460300985988584	12.327178355574567
ϲϫϽϨ	3	0.00019460300985988584	12.327178355574567
ϨϰϺϱ	3	0.00019460300985988584	12.327178355574567
Ϻ	3	0.00019460300985988584	12.327178355574567
ϭϲϾϱϴ	3	0.00019460300985988584	12.327178355574567
ϾϺϱϴ	3	0.00019460300985988584	12.327178355574567
ϲϷϮ	3	0.00019460300985988584	12.327178355574567
ϷϪϭ	3	0.00019460300985988584	12.327178355574567
ϰϪϨ	3	0.00019460300985988584	12.327178355574567
ϱϺϷϱ	3	0.00019460300985988584	12.327178355574567
ϰϺЀϨ	3	0.00019460300985988584	12.327178355574567
ϹϼЀ	3	0.00019460300985988584	12.327178355574567
Ϫϲϰϱ	3	0.00019460300985988584	12.327178355574567
ϹЁ	3	0.00019460300985988584	12.327178355574567
ϹϱϨ	3	0.00019460300985988584	12.327178355574567
ϱϸϱ	3	0.00019460300985988584	12.327178355574567
ϩϰϹ	3	0.00019460300985988584	12.327178355574567
ϮϺϲ	3	0.00019460300985988584	12.327178355574567
ϰϱϴϨ	3	0.00019460300985988584	12.327178355574567
ϳϺϨϴ	3	0.00019460300985988584	12.327178355574567
ϮϺϱ	3	0.00019460300985988584	12.327178355574567
ϲϷϹϱ	3	0.00019460300985988584	12.327178355574567
ϪϺЂ	3	0.00019460300985988584	12.327178355574567
ϳϹϱ	3	0.00019460300985988584	12.327178355574567
ϸϭϨ	3	0.00019460300985988584	12.327178355574567
ϫϮϱϨ	3	0.00019460300985988584	12.327178355574567
ϷϺϰϹϱ	3	0.00019460300985988584	12.327178355574567
ϾϺϮ	3	0.00019460300985988584	12.327178355574567
ϽϺϰЀ	3	0.00019460300985988584	12.327178355574567
ϮϰϨϱ	3	0.00019460300985988584	12.327178355574567
ϪϰϲϨ	3	0.00019460300985988584	12.327178355574567
ϹϸϽϨ	3	0.00019460300985988584	12.327178355574567
ϼϲϲ	3	0.00019460300985988584	12.327178355574567
ϰϳϨ	3	0.00019460300985988584	12.327178355574567
ϱϽϨ	3	0.00019460300985988584	12.327178355574567
ϮϨϴ	3	0.00019460300985988584	12.327178355574567
ϱϸϱϨ	3	0.00019460300985988584	12.327178355574567
ϹϾϸЀϱ	3	0.00019460300985988584	12.327178355574567
ϼϹ	3	0.00019460300985988584	12.327178355574567
ϾϲϨϱ	3	0.00019460300985988584	12.327178355574567
ϰϴ	3	0.00019460300985988584	12.327178355574567
ϹϺϩ	3	0.00019460300985988584	12.327178355574567
ϹϽϪ	3	0.00019460300985988584	12.327178355574567
ϷϺϨ	3	0.00019460300985988584	12.327178355574567
ϹϸϽ	3	0.00019460300985988584	12.327178355574567
ЀϽϰϱ	3	0.00019460300985988584	12.327178355574567
ϾϻϨϴ	3	0.00019460300985988584	12.327178355574567
Ϲϫ	3	0.00019460300985988584	12.327178355574567
ϱЁϪ	3	0.00019460300985988584	12.327178355574567
ϫϹϱϨ	3	0.00019460300985988584	12.327178355574567
ϬЀ	3	0.00019460300985988584	12.327178355574567
ϰϭϨ	3	0.00019460300985988584	12.327178355574567
ϹϸЀϨ	3	0.00019460300985988584	12.327178355574567
ϾϺ	3	0.00019460300985988584	12.327178355574567
ЀϹϱϨ	3	0.00019460300985988584	12.327178355574567
ϷϱϨ	3	0.00019460300985988584	12.327178355574567
ϮϱϨϱ	3	0.00019460300985988584	12.327178355574567
ϲϾϨ	3	0.00019460300985988584	12.327178355574567
ϹϾϸЀ	3	0.00019460300985988584	12.327178355574567
ϩϪ	3	0.00019460300985988584	12.327178355574567
ϼϲ	3	0.00019460300985988584	12.327178355574567
ϹϫЀ	3	0.00019460300985988584	12.327178355574567
Ϲϸϱ	3	0.00019460300985988584	12.327178355574567
ϫϨϸϨ	3	0.00019460300985988584	12.327178355574567
ϫϲ	3	0.00019460300985988584	12.327178355574567
ϭϲ	3	0.00019460300985988584	12.327178355574567
ϮϨϲ	3	0.00019460300985988584	12.327178355574567
ϹϺϺ	3	0.00019460300985988584	12.327178355574567
Ϲϭϫ	3	0.00019460300985988584	12.327178355574567
ЀϲϸϱϨ	3	0.00019460300985988584	12.327178355574567
ϪϰϺϨ	3	0.00019460300985988584	12.327178355574567
Ѐϱϰ	3	0.00019460300985988584	12.327178355574567
ϲϹϨ	3	0.00019460300985988584	12.327178355574567
ϷϽϽϨ	3	0.00019460300985988584	12.327178355574567
ϱϾϺ	3	0.00019460300985988584	12.327178355574567
ϹϪϺϱ	3	0.00019460300985988584	12.327178355574567
ЀϲϸϨ	3	0.00019460300985988584	12.327178355574567
ϰϪϱ	3	0.00019460300985988584	12.327178355574567
ϹЁϨϺϱ	3	0.00019460300985988584	12.327178355574567
ϽϲϽϲ	3	0.00019460300985988584	12.327178355574567
Ёϲϭ	3	0.00019460300985988584	12.327178355574567
ϮϾϺϨ	3	0.00019460300985988584	12.327178355574567
ϼϲϨ	3	0.00019460300985988584	12.327178355574567
ϰϺϪϨ	3	0.00019460300985988584	12.327178355574567
ϫϺϩ	3	0.00019460300985988584	12.327178355574567
ϺϾϨϴ	3	0.00019460300985988584	12.327178355574567
ЁϱϨϴ	3	0.00019460300985988584	12.327178355574567
ϲϺЀϻ	3	0.00019460300985988584	12.327178355574567
ϮϫϨϴ	3	0.00019460300985988584	12.327178355574567
ϹϸЀ	3	0.00019460300985988584	12.327178355574567
ϷϹЀϨ	3	0.00019460300985988584	12.327178355574567
ϬϪ	3	0.00019460300985988584	12.327178355574567
ϰϮϹϨ	3	0.00019460300985988584	12.327178355574567
ϰϹϻϨϴϱ	3	0.00019460300985988584	12.327178355574567
ϮϫϨ	3	0.00019460300985988584	12.327178355574567
ϲϹЀϨ	3	0.00019460300985988584	12.327178355574567
ϪϺϩ	3	0.00019460300985988584	12.327178355574567
ϱϭϪϨ	3	0.00019460300985988584	12.327178355574567
ϾϲϨϨ	3	0.00019460300985988584	12.327178355574567
ϽЁЀ	3	0.00019460300985988584	12.327178355574567
ϯϪ	3	0.00019460300985988584	12.327178355574567
ϰϲϫϱϴ	3	0.00019460300985988584	12.327178355574567
ϭϾϱ	3	0.00019460300985988584	12.327178355574567
ϲЀϰ	3	0.00019460300985988584	12.327178355574567
ϮϹϩϨ	3	0.00019460300985988584	12.327178355574567
ϮϺϰ	3	0.00019460300985988584	12.327178355574567
Ϲϰϲ	3	0.00019460300985988584	12.327178355574567
ϹϨЁ	3	0.00019460300985988584	12.327178355574567
ϽЀϨϴ	3	0.00019460300985988584	12.327178355574567
ϹϺϱϨ	3	0.00019460300985988584	12.327178355574567
ϮϷϺϨ	3	0.00019460300985988584	12.327178355574567
ϽϮϽ	3	0.00019460300985988584	12.327178355574567
ЁϺϹ	3	0.00019460300985988584	12.327178355574567
ϸϹϽϨ	3	0.00019460300985988584	12.327178355574567
ϭЀϱϨ	3	0.00019460300985988584	12.327178355574567
ϫϲϹЂϨ	3	0.00019460300985988584	12.327178355574567
ЁϭϨ	3	0.00019460300985988584	12.327178355574567
ϽЁЀϨ	3	0.00019460300985988584	12.327178355574567
ϹϺϨϺ	3	0.00019460300985988584	12.327178355574567
Ѐϲϱ	3	0.00019460300985988584	12.327178355574567
ϺϹϾ	3	0.00019460300985988584	12.327178355574567
ϬϺϨ	3	0.00019460300985988584	12.327178355574567
ϰϮϫϨ	3	0.00019460300985988584	12.327178355574567
ЁϺϰ	3	0.00019460300985988584	12.327178355574567
ϭϪϽ	3	0.00019460300985988584	12.327178355574567
ϮϽϽϰϱϲϨ	3	0.00019460300985988584	12.327178355574567
Ϯϲϱ	3	0.00019460300985988584	12.327178355574567
ϫϲϮϮϨ	3	0.00019460300985988584	12.327178355574567
ϲϮϫ	3	0.00019460300985988584	12.327178355574567
ϾϪϨ	3	0.00019460300985988584	12.327178355574567
ϮϫϨϨ	3	0.00019460300985988584	12.327178355574567
ϷϪϺϨ	3	0.00019460300985988584	12.327178355574567
Ϯϳϲ	3	0.00019460300985988584	12.327178355574567
ϸЀЀϱ	3	0.00019460300985988584	12.327178355574567
ϺЁЀ	2	0.00012973533990659055	12.912140856295721
ϹϩϪϪ	2	0.00012973533990659055	12.912140856295721
ϱϭϨ	2	0.00012973533990659055	12.912140856295721
ϷϺϷϺ	2	0.00012973533990659055	12.912140856295721
ϼϺ	2	0.00012973533990659055	12.912140856295721
Ϫϳϱ	2	0.00012973533990659055	12.912140856295721
ϪϺϪϺϱ	2	0.00012973533990659055	12.912140856295721
ϯϺϨ	2	0.00012973533990659055	12.912140856295721
ϹϲϪϨ	2	0.00012973533990659055	12.912140856295721
ϯϴϱ	2	0.00012973533990659055	12.912140856295721
ϱЀЁ	2	0.00012973533990659055	12.912140856295721
ϫϩЀϨ	2	0.00012973533990659055	12.912140856295721
Ͻϱϲ	2	0.00012973533990659055	12.912140856295721
ϹϨϸϱ	2	0.00012973533990659055	12.912140856295721
ϨϾϪ	2	0.00012973533990659055	12.912140856295721
ϱЁϭ	2	0.00012973533990659055	12.912140856295721
Ёϻϱ	2	0.00012973533990659055	12.912140856295721
ЁϪϪ	2	0.00012973533990659055	12.912140856295721
ϰЀϨϨ	2	0.00012973533990659055	12.912140856295721
ϨϺϫϨ	2	0.00012973533990659055	12.912140856295721
Ϭ	2	0.00012973533990659055	12.912140856295721
ϪϺϽϨ	2	0.00012973533990659055	12.912140856295721
ϮϹϫ	2	0.00012973533990659055	12.912140856295721
ϪϰϨ	2	0.00012973533990659055	12.912140856295721
ϹϫϮ	2	0.00012973533990659055	12.912140856295721
ϫϹϮϲ	2	0.00012973533990659055	12.912140856295721
ϩϲϩϲ	2	0.00012973533990659055	12.912140856295721
ϰϺϪ	2	0.00012973533990659055	12.912140856295721
ϰϱЀ	2	0.00012973533990659055	12.912140856295721
ϽϩЀ	2	0.00012973533990659055	12.912140856295721
ϫϷϱ	2	0.00012973533990659055	12.912140856295721
ϯϮϴ	2	0.00012973533990659055	12.912140856295721
ϲϷЀ	2	0.00012973533990659055	12.912140856295721
ϮϲϰϺ	2	0.00012973533990659055	12.912140856295721
ϩϹϲϨ	2	0.00012973533990659055	12.912140856295721
ϪϰϨϴ	2	0.00012973533990659055	12.912140856295721
ϰϨϴ	2	0.00012973533990659055	12.912140856295721
Ϩϲϰ	2	0.00012973533990659055	12.912140856295721
ϰϫϱ	2	0.00012973533990659055	12.912140856295721
ϨϮϱ	2	0.00012973533990659055	12.912140856295721
ϷϪϺ	2	0.00012973533990659055	12.912140856295721
ϹϾЀϱ	2	0.00012973533990659055	12.912140856295721
ϰϽϪϱϴ	2	0.00012973533990659055	12.912140856295721
ϲϷϲϷ	2	0.00012973533990659055	12.912140856295721
ϪϲϱϨ	2	0.00012973533990659055	12.912140856295721
ϫϱЀϱ	2	0.00012973533990659055	12.912140856295721
ϱЁϽ	2	0.00012973533990659055	12.912140856295721
ϹЁϮϴϱ	2	0.00012973533990659055	12.912140856295721
ϹϰϺϨ	2	0.00012973533990659055	12.912140856295721
ϭϲϭϴ	2	0.00012973533990659055	12.912140856295721
ϬϺϪ	2	0.00012973533990659055	12.912140856295721
ϹϷϱ	2	0.00012973533990659055	12.912140856295721
ϹЂϺ	2	0.00012973533990659055	12.912140856295721
ϫЀϴϨ	2	0.00012973533990659055	12.912140856295721
ϩϲϪϨ	2	0.00012973533990659055	12.912140856295721
ϨϱϺ	2	0.00012973533990659055	12.912140856295721
Ϭϸ	2	0.00012973533990659055	12.912140856295721
ϮЀЀϱ	2	0.00012973533990659055	12.912140856295721
ϳϨϻ	2	0.00012973533990659055	12.912140856295721
ϹϻϺ	2	0.00012973533990659055	12.912140856295721
ϲϹϱ	2	0.00012973533990659055	12.912140856295721
ЁϲϨϴ	2	0.00012973533990659055	12.912140856295721
ϱϽϽ	2	0.00012973533990659055	12.912140856295721
ϰϱϱ	2	0.00012973533990659055	12.912140856295721
ЀϱЀϴϨ	2	0.00012973533990659055	12.912140856295721
ϮϽϱϴ	2	0.00012973533990659055	12.912140856295721
ϭϪ	2	0.00012973533990659055	12.912140856295721
ϱϸϱϨϴ	2	0.00012973533990659055	12.912140856295721
ϹЁϮϴ	2	0.00012973533990659055	12.912140856295721
ϰЀЀ	2	0.00012973533990659055	12.912140856295721
ϹϱϺϫ	2	0.00012973533990659055	12.912140856295721
ϸϾϺ	2	0.00012973533990659055	12.912140856295721
ϱϬϬ	2	0.00012973533990659055	12.912140856295721
ϾϺϨ	2	0.00012973533990659055	12.912140856295721
ϲЁ	2	0.00012973533990659055	12.912140856295721
ϳϺϱϨ	2	0.00012973533990659055	12.912140856295721
ϾϪϽϨ	2	0.00012973533990659055	12.912140856295721
ϸϹЁϨ	2	0.00012973533990659055	12.912140856295721
ϸЀЀ	2	0.00012973533990659055	12.912140856295721
ϺϫϨ	2	0.00012973533990659055	12.912140856295721
ЀϴϨ	2	0.00012973533990659055	12.912140856295721
ϭϺϪ	2	0.00012973533990659055	12.912140856295721
ϮϹϽϨ	2	0.00012973533990659055	12.912140856295721
ϮϽϴ	2	0.00012973533990659055	12.912140856295721
ϬЀϨ	2	0.00012973533990659055	12.912140856295721
ϮЀЀϨ	2	0.00012973533990659055	12.912140856295721
ϲЁϲ	2	0.00012973533990659055	12.912140856295721
ϷϻϺ	2	0.00012973533990659055	12.912140856295721
ЁϽ	2	0.00012973533990659055	12.912140856295721
ϹϺϫϱ	2	0.00012973533990659055	12.912140856295721
ϹϷϮϨ	2	0.00012973533990659055	12.912140856295721
ϾϹϻϱϨ	2	0.00012973533990659055	12.912140856295721
ϷϭЀ	2	0.00012973533990659055	12.912140856295721
Ёϲϲ	2	0.00012973533990659055	12.912140856295721
ϨϮϨ	2	0.00012973533990659055	12.912140856295721
ϫϲϨϴ	2	0.00012973533990659055	12.912140856295721
ϰϺϮϨ	2	0.00012973533990659055	12.912140856295721
ϱϺϹ	2	0.00012973533990659055	12.912140856295721
ϰϴϨ	2	0.00012973533990659055	12.912140856295721
ϱϲϻϨ	2	0.00012973533990659055	12.912140856295721
ЁϸϹϹ	2	0.00012973533990659055	12.912140856295721
ϹϮ	2	0.00012973533990659055	12.912140856295721
ϭϲϾϱ	2	0.00012973533990659055	12.912140856295721
ϲϨϴϱ	2	0.00012973533990659055	12.912140856295721
ϲϮ	2	0.00012973533990659055	12.912140856295721
ϪϹ	2	0.00012973533990659055	12.912140856295721
ϮϷϽ	2	0.00012973533990659055	12.912140856295721
ϰϮϺϾ	2	0.00012973533990659055	12.912140856295721
ϹϷϽ	2	0.00012973533990659055	12.912140856295721
ϼЀϽϱ	2	0.00012973533990659055	12.912140856295721
ϭϲϷϨ	2	0.00012973533990659055	12.912140856295721
ϮϺϺϨ	2	0.00012973533990659055	12.912140856295721
ϮϨЀ	2	0.00012973533990659055	12.912140856295721
Ϩϸϴϱ	2	0.00012973533990659055	12.912140856295721
ϹϮϺϴϱ	2	0.00012973533990659055	12.912140856295721
ϾЀϱϴ	2	0.00012973533990659055	12.912140856295721
ϨϸϫϱϨ	2	0.00012973533990659055	12.912140856295721
ϹЁϨϺ	2	0.00012973533990659055	12.912140856295721
ϽϲϰϨ	2	0.00012973533990659055	12.912140856295721
ϾϪϹ	2	0.00012973533990659055	12.912140856295721
ϽϽϴϱ	2	0.00012973533990659055	12.912140856295721
ϮЀϱ	2	0.00012973533990659055	12.912140856295721
ϰϭϲϱ	2	0.00012973533990659055	12.912140856295721
ϲϨЀ	2	0.00012973533990659055	12.912140856295721
Ϯϲϫ	2	0.00012973533990659055	12.912140856295721
ϯϺ	2	0.00012973533990659055	12.912140856295721
ϲϨЀϱ	2	0.00012973533990659055	12.912140856295721
ϰϸϸϱ	2	0.00012973533990659055	12.912140856295721
Ϭϲ	2	0.00012973533990659055	12.912140856295721
ϰϺϫϹ	2	0.00012973533990659055	12.912140856295721
ϾϹЀ	2	0.00012973533990659055	12.912140856295721
ЀϹ	2	0.00012973533990659055	12.912140856295721
ϭϺϱϴ	2	0.00012973533990659055	12.912140856295721
ϱϺ	2	0.00012973533990659055	12.912140856295721
ϹϨϺϱ	2	0.00012973533990659055	12.912140856295721
Ёϲ	2	0.00012973533990659055	12.912140856295721
Ϲϲϲϱ	2	0.00012973533990659055	12.912140856295721
ϲϪϰϨ	2	0.00012973533990659055	12.912140856295721
ϾϨϾϨ	2	0.00012973533990659055	12.912140856295721
ϹϺϱϴ	2	0.00012973533990659055	12.912140856295721
ϨϻϲϨ	2	0.00012973533990659055	12.912140856295721
ϪϽЁ	2	0.00012973533990659055	12.912140856295721
ϲϪϰ	2	0.00012973533990659055	12.912140856295721
ϹϫϷ	2	0.00012973533990659055	12.912140856295721
ЀϮϲϱϴ	2	0.00012973533990659055	12.912140856295721
ϭϱϺϴ	2	0.00012973533990659055	12.912140856295721
ϾЀϴϱ	2	0.00012973533990659055	12.912140856295721
ϹϺϨϴ	2	0.00012973533990659055	12.912140856295721
ϪϺϹϨ	2	0.00012973533990659055	12.912140856295721
ϹЁϱ	2	0.00012973533990659055	12.912140856295721
ϼϺϱϨ	2	0.00012973533990659055	12.912140856295721
ϮϽϹ	2	0.00012973533990659055	12.912140856295721
ϪϺϪϺ	2	0.00012973533990659055	12.912140856295721
ϫϩϺ	2	0.00012973533990659055	12.912140856295721
ϽϮϷ	2	0.00012973533990659055	12.912140856295721
ϫϱϺϱ	2	0.00012973533990659055	12.912140856295721
ЂЂϱϴ	2	0.00012973533990659055	12.912140856295721
ϸϺϱϨϴ	2	0.00012973533990659055	12.912140856295721
ϰϺϨϴ	2	0.00012973533990659055	12.912140856295721
ϰϲϸ	2	0.00012973533990659055	12.912140856295721
ϸϽϹ	2	0.00012973533990659055	12.912140856295721
ϨϾϨϾ	2	0.00012973533990659055	12.912140856295721
ЁϻϨ	2	0.00012973533990659055	12.912140856295721
ϰϮϲ	2	0.00012973533990659055	12.912140856295721
Ϩϸϱ	2	0.00012973533990659055	12.912140856295721
ϾϱϾϨ	2	0.00012973533990659055	12.912140856295721
ϲϳЀϨ	2	0.00012973533990659055	12.912140856295721
ϾϲЀϰ	2	0.00012973533990659055	12.912140856295721
ϰϹЂ	2	0.00012973533990659055	12.912140856295721
Ͼϭϱ	2	0.00012973533990659055	12.912140856295721
ϲϪϽ	2	0.00012973533990659055	12.912140856295721
ϲϨЀϴ	2	0.00012973533990659055	12.912140856295721
ϭϩϨ	2	0.00012973533990659055	12.912140856295721
Ϯϫϲ	2	0.00012973533990659055	12.912140856295721
ϫϫϱϴ	2	0.00012973533990659055	12.912140856295721
Ϩϭ	2	0.00012973533990659055	12.912140856295721
ϬϲϬϲ	2	0.00012973533990659055	12.912140856295721
ϯϹϱ	2	0.00012973533990659055	12.912140856295721
ϰϮϴϱϨϲ	2	0.00012973533990659055	12.912140856295721
ϸϼϾЀ	2	0.00012973533990659055	12.912140856295721
ϨϸϫϨ	2	0.00012973533990659055	12.912140856295721
ϱϹЀϨ	2	0.00012973533990659055	12.912140856295721
ϼϲϲϱ	2	0.00012973533990659055	12.912140856295721
ϹϱϷϺ	2	0.00012973533990659055	12.912140856295721
ϭϺϱ	2	0.00012973533990659055	12.912140856295721
ϹϾϲ	2	0.00012973533990659055	12.912140856295721
ϲϯϯ	2	0.00012973533990659055	12.912140856295721
ϫЀϱϴ	2	0.00012973533990659055	12.912140856295721
ϹϨϱϨ	2	0.00012973533990659055	12.912140856295721
ϰϾϾϱ	2	0.00012973533990659055	12.912140856295721
ЁϨϺϴϨ	2	0.00012973533990659055	12.912140856295721
ϲϱϪ	2	0.00012973533990659055	12.912140856295721
ϻϽ	2	0.00012973533990659055	12.912140856295721
ϸϺϱϨ	2	0.00012973533990659055	12.912140856295721
ЂϹϱ	2	0.00012973533990659055	12.912140856295721
ϹϷ϶	2	0.00012973533990659055	12.912140856295721
ϲϸЀϰ	2	0.00012973533990659055	12.912140856295721
ЀϱϽϱ	2	0.00012973533990659055	12.912140856295721
ϨϱЀϰ	2	0.00012973533990659055	12.912140856295721
ϽЁЀϱ	2	0.00012973533990659055	12.912140856295721
ϨϰϮϹϱ	2	0.00012973533990659055	12.912140856295721
ϾϺϱ	2	0.00012973533990659055	12.912140856295721
ϹϩϽϽ	2	0.00012973533990659055	12.912140856295721
ϲϹϸϱ	2	0.00012973533990659055	12.912140856295721
ϹϺϱϨϴ	2	0.00012973533990659055	12.912140856295721
ϹϾϽ	2	0.00012973533990659055	12.912140856295721
ϮϲϰϨ	2	0.00012973533990659055	12.912140856295721
ϱϨϱ	2	0.00012973533990659055	12.912140856295721
ϱϹЀϱ	2	0.00012973533990659055	12.912140856295721
ϮϫϴϨ	2	0.00012973533990659055	12.912140856295721
ϰϨЀϱ	2	0.00012973533990659055	12.912140856295721
ϫϭϴ	2	0.00012973533990659055	12.912140856295721
ϽϪϫ	2	0.00012973533990659055	12.912140856295721
ϰϱϻ	2	0.00012973533990659055	12.912140856295721
Ͻϸϱ	2	0.00012973533990659055	12.912140856295721
ϺϫϱϨ	2	0.00012973533990659055	12.912140856295721
ϹϳϺϨ	2	0.00012973533990659055	12.912140856295721
ϷϺ	2	0.00012973533990659055	12.912140856295721
ϭЀϩ	2	0.00012973533990659055	12.912140856295721
ϮϹϷЀ	2	0.00012973533990659055	12.912140856295721
ϫϻϽ	2	0.00012973533990659055	12.912140856295721
ϼϲϮ	2	0.00012973533990659055	12.912140856295721
ϹЁϮϨ	2	0.00012973533990659055	12.912140856295721
ϹЁϽ	2	0.00012973533990659055	12.912140856295721
ϰϸϨϲ	2	0.00012973533990659055	12.912140856295721
ϸϹϯ	2	0.00012973533990659055	12.912140856295721
ϰϱϭ	2	0.00012973533990659055	12.912140856295721
ϹϱϭϪ	2	0.00012973533990659055	12.912140856295721
ϻϺ	2	0.00012973533990659055	12.912140856295721
ЀЀ	2	0.00012973533990659055	12.912140856295721
ϹϩЀ	2	0.00012973533990659055	12.912140856295721
ϸϫϱ	2	0.00012973533990659055	12.912140856295721
ϫϺϮ	2	0.00012973533990659055	12.912140856295721
ϮϲϳϺϨ	2	0.00012973533990659055	12.912140856295721
ϰϸϨ	2	0.00012973533990659055	12.912140856295721
ЀϮϲϱ	2	0.00012973533990659055	12.912140856295721
ϨϮϺ	2	0.00012973533990659055	12.912140856295721
ϹϭЀ	2	0.00012973533990659055	12.912140856295721
ϭϲϾϴϱ	2	0.00012973533990659055	12.912140856295721
ϹϭϮϴϱ	2	0.00012973533990659055	12.912140856295721
ϹЀϮ	2	0.00012973533990659055	12.912140856295721
ϻϲϾϱ	2	0.00012973533990659055	12.912140856295721
ϲЂЂ	2	0.00012973533990659055	12.912140856295721
ϽϺϽϺ	2	0.00012973533990659055	12.912140856295721
ϰϱϹϱ	2	0.00012973533990659055	12.912140856295721
ϹϮϱ	2	0.00012973533990659055	12.912140856295721
ϹϭϲϾ	2	0.00012973533990659055	12.912140856295721
ϽϪϫϱ	2	0.00012973533990659055	12.912140856295721
ϩЀЀϨϴ	2	0.00012973533990659055	12.912140856295721
ϮϭϪϺϴϨ	2	0.00012973533990659055	12.912140856295721
ϽϱϽϱ	2	0.00012973533990659055	12.912140856295721
ϭϲϽϨϴ	2	0.00012973533990659055	12.912140856295721
ϱϲϹϴ	2	0.00012973533990659055	12.912140856295721
ϲЂϲЂ	2	0.00012973533990659055	12.912140856295721
ϺϹ	2	0.00012973533990659055	12.912140856295721
Ϩϸϫ	2	0.00012973533990659055	12.912140856295721
ϪϹϱ	2	0.00012973533990659055	12.912140856295721
ϬϩϺ	2	0.00012973533990659055	12.912140856295721
ϰϱϨϴϱ	2	0.00012973533990659055	12.912140856295721
ϲϳϨЀϱ	2	0.00012973533990659055	12.912140856295721
ϰϰϱϴ	2	0.00012973533990659055	12.912140856295721
ЁϽϴϨ	2	0.00012973533990659055	12.912140856295721
ϱϪϾϨ	2	0.00012973533990659055	12.912140856295721
ϮϨЀϴ	2	0.00012973533990659055	12.912140856295721
ϮЁЀϱ	2	0.00012973533990659055	12.912140856295721
ϭϻϲϨ	2	0.00012973533990659055	12.912140856295721
ϾϹϻϱ	2	0.00012973533990659055	12.912140856295721
ϼϮϹϱ	2	0.00012973533990659055	12.912140856295721
ϮϺϱϨ	2	0.00012973533990659055	12.912140856295721
ϹϨϨ	2	0.00012973533990659055	12.912140856295721
ϭϽ	2	0.00012973533990659055	12.912140856295721
ϰϹϹ	2	0.00012973533990659055	12.912140856295721
ЀЀЂ	2	0.00012973533990659055	12.912140856295721
ϰЂϹϴ	2	0.00012973533990659055	12.912140856295721
ϭϩϴϱ	2	0.00012973533990659055	12.912140856295721
ЁϸϹϴ	2	0.00012973533990659055	12.912140856295721
ϱϺϱ	2	0.00012973533990659055	12.912140856295721
ЀϱϷϱ	2	0.00012973533990659055	12.912140856295721
ϨϸϨ	2	0.00012973533990659055	12.912140856295721
ϼϨϴ	2	0.00012973533990659055	12.912140856295721
ϲϬ	2	0.00012973533990659055	12.912140856295721
ϨϰϨ	2	0.00012973533990659055	12.912140856295721
ϾϲϮϨ	2	0.00012973533990659055	12.912140856295721
ϰϭϪ	2	0.00012973533990659055	12.912140856295721
ϰϲϹϨ	1	6.486766995329527e-05	13.912140856295721
ϯϲϴ	1	6.486766995329527e-05	13.912140856295721
ϮϰϹϨ	1	6.486766995329527e-05	13.912140856295721
ϲϮϹϱ	1	6.486766995329527e-05	13.912140856295721
ϱϺϪϱ	1	6.486766995329527e-05	13.912140856295721
ϱϭϫ	1	6.486766995329527e-05	13.912140856295721
ЁϺЁϺ	1	6.486766995329527e-05	13.912140856295721
ϰϫϨ	1	6.486766995329527e-05	13.912140856295721
ϹϭϺ	1	6.486766995329527e-05	13.912140856295721
ϩϮϺϴ	1	6.486766995329527e-05	13.912140856295721
ϱЁ	1	6.486766995329527e-05	13.912140856295721
Ђϲ	1	6.486766995329527e-05	13.912140856295721
Ϫ	1	6.486766995329527e-05	13.912140856295721
Ϻϫ	1	6.486766995329527e-05	13.912140856295721
Ͼ	1	6.486766995329527e-05	13.912140856295721
ϭϮϭϮ	1	6.486766995329527e-05	13.912140856295721
ϭϮϭϨ	1	6.486766995329527e-05	13.912140856295721
ϲЀϴϱ	1	6.486766995329527e-05	13.912140856295721
ϨϻϺ	1	6.486766995329527e-05	13.912140856295721
ϹϫϺϱ	1	6.486766995329527e-05	13.912140856295721
ϷϺϷ	1	6.486766995329527e-05	13.912140856295721
ϰϱЀϴϨ	1	6.486766995329527e-05	13.912140856295721
Ϲϲϭϭϱ	1	6.486766995329527e-05	13.912140856295721
ϹϷЀϨ	1	6.486766995329527e-05	13.912140856295721
ϹϽϺ	1	6.486766995329527e-05	13.912140856295721
ϺϮϮϱ	1	6.486766995329527e-05	13.912140856295721
ϩϺϭ	1	6.486766995329527e-05	13.912140856295721
ϰϴϱ	1	6.486766995329527e-05	13.912140856295721
ϮϬϱϴ	1	6.486766995329527e-05	13.912140856295721
ϲϲЁϹϺϱ	1	6.486766995329527e-05	13.912140856295721
ϩϭϫϱ	1	6.486766995329527e-05	13.912140856295721
ϹϭϺϮϱ	1	6.486766995329527e-05	13.912140856295721
ϱϹЁ	1	6.486766995329527e-05	13.912140856295721
ϯϮϮ	1	6.486766995329527e-05	13.912140856295721
ϮϬ	1	6.486766995329527e-05	13.912140856295721
ϹЂϮϨ	1	6.486766995329527e-05	13.912140856295721
ЂϮϨϱ	1	6.486766995329527e-05	13.912140856295721
ϲϩϭϱϨ	1	6.486766995329527e-05	13.912140856295721
ϰϱϫϱ	1	6.486766995329527e-05	13.912140856295721
ϫϨ	1	6.486766995329527e-05	13.912140856295721
ϸϹϨ	1	6.486766995329527e-05	13.912140856295721
ϹϫϺ	1	6.486766995329527e-05	13.912140856295721
ϹϫϺϴ	1	6.486766995329527e-05	13.912140856295721
ϭϲϲ	1	6.486766995329527e-05	13.912140856295721
ϹϪϲϨ	1	6.486766995329527e-05	13.912140856295721
Ϲϰϱϰ	1	6.486766995329527e-05	13.912140856295721
ϻϽϩ	1	6.486766995329527e-05	13.912140856295721
ϭϲϲϨ	1	6.486766995329527e-05	13.912140856295721
Ϭϭϴϱ	1	6.486766995329527e-05	13.912140856295721
Ϫϲϰ	1	6.486766995329527e-05	13.912140856295721
ЁϽϰ	1	6.486766995329527e-05	13.912140856295721
ϨЂϺ	1	6.486766995329527e-05	13.912140856295721
ϱϯϸ	1	6.486766995329527e-05	13.912140856295721
ϹϮϲϾ	1	6.486766995329527e-05	13.912140856295721
ϷϺϴ	1	6.486766995329527e-05	13.912140856295721
Ͻ	1	6.486766995329527e-05	13.912140856295721
ϩ	1	6.486766995329527e-05	13.912140856295721
ϰϱϰ	1	6.486766995329527e-05	13.912140856295721
ϮϨϴϱ	1	6.486766995329527e-05	13.912140856295721
ϩϺϪϨ	1	6.486766995329527e-05	13.912140856295721
ϾϺЁϺ	1	6.486766995329527e-05	13.912140856295721
ЂϲЂϲ	1	6.486766995329527e-05	13.912140856295721
ϱϷϻ	1	6.486766995329527e-05	13.912140856295721
ϰЀϲ	1	6.486766995329527e-05	13.912140856295721
ϹϸϨ	1	6.486766995329527e-05	13.912140856295721
Ϭϩ	1	6.486766995329527e-05	13.912140856295721
ϲϬϩ	1	6.486766995329527e-05	13.912140856295721
ϪϫϹ	1	6.486766995329527e-05	13.912140856295721
ϬϺϺ	1	6.486766995329527e-05	13.912140856295721
ϴ	1	6.486766995329527e-05	13.912140856295721
ϨϰϺ	1	6.486766995329527e-05	13.912140856295721
Ϯϱϴ	1	6.486766995329527e-05	13.912140856295721
ϹϪϺϴϨ	1	6.486766995329527e-05	13.912140856295721
ϰϹϹϰ	1	6.486766995329527e-05	13.912140856295721
ϱϯϯ	1	6.486766995329527e-05	13.912140856295721
ϼϽЀ	1	6.486766995329527e-05	13.912140856295721
ϰϮЀϱ	1	6.486766995329527e-05	13.912140856295721
ϩϹ	1	6.486766995329527e-05	13.912140856295721
Ϻϱϱ	1	6.486766995329527e-05	13.912140856295721
ϫϮϹϨ	1	6.486766995329527e-05	13.912140856295721
ϸϺϱ	1	6.486766995329527e-05	13.912140856295721
ϮϨЀϨ	1	6.486766995329527e-05	13.912140856295721
ϾϮϱ	1	6.486766995329527e-05	13.912140856295721
ϱϯϯϨ	1	6.486766995329527e-05	13.912140856295721
ϨϬϨ	1	6.486766995329527e-05	13.912140856295721
ϼϮϹϺ	1	6.486766995329527e-05	13.912140856295721
ϹϭϲϽ	1	6.486766995329527e-05	13.912140856295721
ЀϮϲϱϨ	1	6.486766995329527e-05	13.912140856295721
ϱϻϺ	1	6.486766995329527e-05	13.912140856295721
ϺϽ	1	6.486766995329527e-05	13.912140856295721
ϼϹϹ	1	6.486766995329527e-05	13.912140856295721
ϰϹϴ	1	6.486766995329527e-05	13.912140856295721
ϫϷϷϱ	1	6.486766995329527e-05	13.912140856295721
ЀЂ	1	6.486766995329527e-05	13.912140856295721
Ϭϸϱ	1	6.486766995329527e-05	13.912140856295721
ϲϷϴϨ	1	6.486766995329527e-05	13.912140856295721
ϷϺϴϨ	1	6.486766995329527e-05	13.912140856295721
ϫϮϹϱ	1	6.486766995329527e-05	13.912140856295721
ϳϨ	1	6.486766995329527e-05	13.912140856295721
Ͻϰϱ	1	6.486766995329527e-05	13.912140856295721
ϯϮϫ	1	6.486766995329527e-05	13.912140856295721
ϰϺЁϨ	1	6.486766995329527e-05	13.912140856295721
ϫϹϹϴ	1	6.486766995329527e-05	13.912140856295721
ϬϺϪϱ	1	6.486766995329527e-05	13.912140856295721
ϹЂϲ	1	6.486766995329527e-05	13.912140856295721
ϮϽϴϱ	1	6.486766995329527e-05	13.912140856295721
ϫϱЀ	1	6.486766995329527e-05	13.912140856295721
ϭϪϭ	1	6.486766995329527e-05	13.912140856295721
ϺϬϱ	1	6.486766995329527e-05	13.912140856295721
ϱϫϴϨ	1	6.486766995329527e-05	13.912140856295721
ϲϫ	1	6.486766995329527e-05	13.912140856295721
ϹЁϮϹ	1	6.486766995329527e-05	13.912140856295721
ϮϽϽϱϨ	1	6.486766995329527e-05	13.912140856295721
ϹϰϮϺ	1	6.486766995329527e-05	13.912140856295721
ϰϱϽ	1	6.486766995329527e-05	13.912140856295721
ϪϨϲ	1	6.486766995329527e-05	13.912140856295721
ϼϹϨ	1	6.486766995329527e-05	13.912140856295721
ϾϪϽ	1	6.486766995329527e-05	13.912140856295721
ЁϲϭϨ	1	6.486766995329527e-05	13.912140856295721
ϰϺЁ	1	6.486766995329527e-05	13.912140856295721
ϾϺϴ	1	6.486766995329527e-05	13.912140856295721
ϹϾϲϨ	1	6.486766995329527e-05	13.912140856295721
ЂϲϨ	1	6.486766995329527e-05	13.912140856295721
ϺЂϱ	1	6.486766995329527e-05	13.912140856295721
ϼϹϺ	1	6.486766995329527e-05	13.912140856295721
ϱϹϨϲ	1	6.486766995329527e-05	13.912140856295721
ϪϹϹ	1	6.486766995329527e-05	13.912140856295721
ЂϺϸϱ	1	6.486766995329527e-05	13.912140856295721
ϹϻϺϨ	1	6.486766995329527e-05	13.912140856295721
ϹϸЀϱ	1	6.486766995329527e-05	13.912140856295721
ϯϻϲ	1	6.486766995329527e-05	13.912140856295721
ϹЂϨ	1	6.486766995329527e-05	13.912140856295721
ϰϰϨ	1	6.486766995329527e-05	13.912140856295721
ϯϲϱ	1	6.486766995329527e-05	13.912140856295721
ϲϯϪ	1	6.486766995329527e-05	13.912140856295721
ЂϨϨ	1	6.486766995329527e-05	13.912140856295721
ϱϰϲ	1	6.486766995329527e-05	13.912140856295721
ϹϲЂ	1	6.486766995329527e-05	13.912140856295721
ϮϭЀ	1	6.486766995329527e-05	13.912140856295721
ϪϨϱ	1	6.486766995329527e-05	13.912140856295721
ϹϰϪϨ	1	6.486766995329527e-05	13.912140856295721
ϰϨϱ	1	6.486766995329527e-05	13.912140856295721
ϭЀϻ	1	6.486766995329527e-05	13.912140856295721
ϲϬϱ	1	6.486766995329527e-05	13.912140856295721
ϭϱϲϨ	1	6.486766995329527e-05	13.912140856295721
Ϸϭ	1	6.486766995329527e-05	13.912140856295721
Ёϲϭϴ	1	6.486766995329527e-05	13.912140856295721
ϽϰϨ	1	6.486766995329527e-05	13.912140856295721
ЁϲϲϨ	1	6.486766995329527e-05	13.912140856295721
ϫϹϹϱ	1	6.486766995329527e-05	13.912140856295721
Ђϭ	1	6.486766995329527e-05	13.912140856295721
ϰϴϱϴ	1	6.486766995329527e-05	13.912140856295721
ϽϮϰ	1	6.486766995329527e-05	13.912140856295721
Ϻϩ	1	6.486766995329527e-05	13.912140856295721
ϮϹЂ	1	6.486766995329527e-05	13.912140856295721
ЀϹϹϨ	1	6.486766995329527e-05	13.912140856295721
ϮϹЂϰ	1	6.486766995329527e-05	13.912140856295721
ϹϹϱϲ	1	6.486766995329527e-05	13.912140856295721
ϨϻϨϻ	1	6.486766995329527e-05	13.912140856295721
ЁϨϮ	1	6.486766995329527e-05	13.912140856295721
Ͻϫϰ	1	6.486766995329527e-05	13.912140856295721
Ͼϲ	1	6.486766995329527e-05	13.912140856295721
ϹϬЀ	1	6.486766995329527e-05	13.912140856295721
ϾϲϽϱ	1	6.486766995329527e-05	13.912140856295721
ϮϲЁ	1	6.486766995329527e-05	13.912140856295721
ϱϲϻ	1	6.486766995329527e-05	13.912140856295721
ϹϨϱ	1	6.486766995329527e-05	13.912140856295721
ϲϷЀϱ	1	6.486766995329527e-05	13.912140856295721
Ϲϫϲϱ	1	6.486766995329527e-05	13.912140856295721
ϺϨϸϱ	1	6.486766995329527e-05	13.912140856295721
ϮЀЀϱϨ	1	6.486766995329527e-05	13.912140856295721
ϮϺϽϱ	1	6.486766995329527e-05	13.912140856295721
ϱϷϭϨ	1	6.486766995329527e-05	13.912140856295721
ϯϹϺ	1	6.486766995329527e-05	13.912140856295721
ϹЁϺϱ	1	6.486766995329527e-05	13.912140856295721
ϼϮϹ	1	6.486766995329527e-05	13.912140856295721
ϷϪϺϱ	1	6.486766995329527e-05	13.912140856295721
ϹϻϨ	1	6.486766995329527e-05	13.912140856295721
ЂϻϨϻ	1	6.486766995329527e-05	13.912140856295721
ϳϺϱϴ	1	6.486766995329527e-05	13.912140856295721
Ϲϰϱ	1	6.486766995329527e-05	13.912140856295721
ϪϩϪϩ	1	6.486766995329527e-05	13.912140856295721
ϨЂϲϨ	1	6.486766995329527e-05	13.912140856295721
ϼЀϽ	1	6.486766995329527e-05	13.912140856295721
ϹϱϾϺ	1	6.486766995329527e-05	13.912140856295721
ϱϭϱ	1	6.486766995329527e-05	13.912140856295721
ϾЀϨ	1	6.486766995329527e-05	13.912140856295721
ϷϺϰϹ	1	6.486766995329527e-05	13.912140856295721
ϱЁϮ	1	6.486766995329527e-05	13.912140856295721
ЁϸϨ	1	6.486766995329527e-05	13.912140856295721
ϰϳϱ	1	6.486766995329527e-05	13.912140856295721
ϹϬϺ	1	6.486766995329527e-05	13.912140856295721
ϬϪϱ	1	6.486766995329527e-05	13.912140856295721
ϱϬ	1	6.486766995329527e-05	13.912140856295721
ЁϺ	1	6.486766995329527e-05	13.912140856295721
ϮϼЀ	1	6.486766995329527e-05	13.912140856295721
ϹЀϾϴ	1	6.486766995329527e-05	13.912140856295721
ϹϺϬϬϱ	1	6.486766995329527e-05	13.912140856295721
ϾϲϮϹϱ	1	6.486766995329527e-05	13.912140856295721
ЁϸϹϹϱ	1	6.486766995329527e-05	13.912140856295721
ϹϾϺϱ	1	6.486766995329527e-05	13.912140856295721
ϲϷЀϨ	1	6.486766995329527e-05	13.912140856295721
ЁϸϲϨ	1	6.486766995329527e-05	13.912140856295721
Ϭϸϱϴ	1	6.486766995329527e-05	13.912140856295721
ϭϩϺϺ	1	6.486766995329527e-05	13.912140856295721
ЁϹЀϨ	1	6.486766995329527e-05	13.912140856295721
ϹϷϮϰ	1	6.486766995329527e-05	13.912140856295721
ϰϺϱϨ	1	6.486766995329527e-05	13.912140856295721
ϮϹϽϽϱ	1	6.486766995329527e-05	13.912140856295721
ЀЁ	1	6.486766995329527e-05	13.912140856295721
ϷϽϽϴ	1	6.486766995329527e-05	13.912140856295721
ϼϨϰϮϺϾϴ	1	6.486766995329527e-05	13.912140856295721
ϳϹϹϨ	1	6.486766995329527e-05	13.912140856295721
ϮϱϨϨ	1	6.486766995329527e-05	13.912140856295721
ϾϪϲ	1	6.486766995329527e-05	13.912140856295721
ϰϺϱϱ	1	6.486766995329527e-05	13.912140856295721
Ϩϸϰ	1	6.486766995329527e-05	13.912140856295721
ϹϯЀϫ	1	6.486766995329527e-05	13.912140856295721
ϰϲϰ	1	6.486766995329527e-05	13.912140856295721
ϩϲ	1	6.486766995329527e-05	13.912140856295721
ϬЀϸ	1	6.486766995329527e-05	13.912140856295721
ЁЀ	1	6.486766995329527e-05	13.912140856295721
ϮϷ	1	6.486766995329527e-05	13.912140856295721
ϾϲЀϰϱ	1	6.486766995329527e-05	13.912140856295721
ϹϪ	1	6.486766995329527e-05	13.912140856295721
ϷϽϴ	1	6.486766995329527e-05	13.912140856295721
ϫϺϴϨ	1	6.486766995329527e-05	13.912140856295721
ϰϺЂϪϴϨ	1	6.486766995329527e-05	13.912140856295721
ЀϾϨϴ	1	6.486766995329527e-05	13.912140856295721
ϨЁϨЁ	1	6.486766995329527e-05	13.912140856295721
ϱЀϽϱ	1	6.486766995329527e-05	13.912140856295721
ϹЁϨϺϴϱ	1	6.486766995329527e-05	13.912140856295721
ϱϲϮϴϨ	1	6.486766995329527e-05	13.912140856295721
ϫϪϱ	1	6.486766995329527e-05	13.912140856295721
ϭϺϪϨ	1	6.486766995329527e-05	13.912140856295721
ϹϰϲϨ	1	6.486766995329527e-05	13.912140856295721
ϹϩϺϴ	1	6.486766995329527e-05	13.912140856295721
ЁϽϽ	1	6.486766995329527e-05	13.912140856295721
ϫϪϨ	1	6.486766995329527e-05	13.912140856295721
ϫϲϱ	1	6.486766995329527e-05	13.912140856295721
ϮϻϾ	1	6.486766995329527e-05	13.912140856295721
ϾϪϹϴϨ	1	6.486766995329527e-05	13.912140856295721
ϹϨЂϲϴϱ	1	6.486766995329527e-05	13.912140856295721
ϹϨЂϲ	1	6.486766995329527e-05	13.912140856295721
ϨЀϱϴ	1	6.486766995329527e-05	13.912140856295721
ϱϸϸϴϱ	1	6.486766995329527e-05	13.912140856295721
Ϯϳϲϱ	1	6.486766995329527e-05	13.912140856295721
ϮϨϲϱ	1	6.486766995329527e-05	13.912140856295721
ϫϹϱ	1	6.486766995329527e-05	13.912140856295721
ϭϭϻ	1	6.486766995329527e-05	13.912140856295721
ЁϱϪϨϴ	1	6.486766995329527e-05	13.912140856295721
ϰЀЀϨ	1	6.486766995329527e-05	13.912140856295721
ϹϽϪϱ	1	6.486766995329527e-05	13.912140856295721
ϹϮϫϨ	1	6.486766995329527e-05	13.912140856295721
ϱϽϪϱ	1	6.486766995329527e-05	13.912140856295721
Ϲϭ	1	6.486766995329527e-05	13.912140856295721
ϮϹЂϨϨ	1	6.486766995329527e-05	13.912140856295721
ϮϭϲϷϨ	1	6.486766995329527e-05	13.912140856295721
ϮϺϲϱ	1	6.486766995329527e-05	13.912140856295721
ϷЀϨϴ	1	6.486766995329527e-05	13.912140856295721
ϭЀϭϨϴ	1	6.486766995329527e-05	13.912140856295721
Ϸϱϱ	1	6.486766995329527e-05	13.912140856295721
ЁϸϱϨϴ	1	6.486766995329527e-05	13.912140856295721
ϱϨϨ	1	6.486766995329527e-05	13.912140856295721
ϱϺϳ	1	6.486766995329527e-05	13.912140856295721
ϸϭ	1	6.486766995329527e-05	13.912140856295721
ϱϲϲϱ	1	6.486766995329527e-05	13.912140856295721
Ѐϫϱϴ	1	6.486766995329527e-05	13.912140856295721
ϼЀϱϴ	1	6.486766995329527e-05	13.912140856295721
ϹϨϫ	1	6.486766995329527e-05	13.912140856295721
ϱϲϮϴ	1	6.486766995329527e-05	13.912140856295721
ϪϯϺ	1	6.486766995329527e-05	13.912140856295721
ЀϮ	1	6.486766995329527e-05	13.912140856295721
ϸϯϹ	1	6.486766995329527e-05	13.912140856295721
ϰϹϽϹ	1	6.486766995329527e-05	13.912140856295721
ϾϸЁ	1	6.486766995329527e-05	13.912140856295721
ϮϹϫϱ	1	6.486766995329527e-05	13.912140856295721
ϩϽϩϽ	1	6.486766995329527e-05	13.912140856295721
ϰϲϹ	1	6.486766995329527e-05	13.912140856295721
ϺϹϪ	1	6.486766995329527e-05	13.912140856295721
ЀϺ	1	6.486766995329527e-05	13.912140856295721
ϸЁϨ	1	6.486766995329527e-05	13.912140856295721
ϹϳϹ	1	6.486766995329527e-05	13.912140856295721
ϮϾϺϴ	1	6.486766995329527e-05	13.912140856295721
Ϲϸϫ	1	6.486766995329527e-05	13.912140856295721
ЁϹϮ	1	6.486766995329527e-05	13.912140856295721
Ϯϲϫϴϱ	1	6.486766995329527e-05	13.912140856295721
ϹϸϽϴϱ	1	6.486766995329527e-05	13.912140856295721
ЂϨϱϨ	1	6.486766995329527e-05	13.912140856295721
ϯϺϯϺ	1	6.486766995329527e-05	13.912140856295721
Ϲϱϲϱ	1	6.486766995329527e-05	13.912140856295721
ЂϺϨϴ	1	6.486766995329527e-05	13.912140856295721
ϳϹϮ	1	6.486766995329527e-05	13.912140856295721
Ͼϲϸ	1	6.486766995329527e-05	13.912140856295721
ϯЀϨϴ	1	6.486766995329527e-05	13.912140856295721
ϲϮϰϨ	1	6.486766995329527e-05	13.912140856295721
ϹϫϩϺ	1	6.486766995329527e-05	13.912140856295721
ϲϹϪϱ	1	6.486766995329527e-05	13.912140856295721
ϹЂЀ	1	6.486766995329527e-05	13.912140856295721
ϯϺϪ	1	6.486766995329527e-05	13.912140856295721
ϫϺϽϱ	1	6.486766995329527e-05	13.912140856295721
ϪϲϨ	1	6.486766995329527e-05	13.912140856295721
Ϲϲϳ	1	6.486766995329527e-05	13.912140856295721
ϨϱЀ	1	6.486766995329527e-05	13.912140856295721
ϸϽϾ	1	6.486766995329527e-05	13.912140856295721
ϱϸϨ	1	6.486766995329527e-05	13.912140856295721
Ϫϲϲ	1	6.486766995329527e-05	13.912140856295721
Ϫϫϲ	1	6.486766995329527e-05	13.912140856295721
ϹϾϪϾϪ	1	6.486766995329527e-05	13.912140856295721
ϹЂϮϴϱ	1	6.486766995329527e-05	13.912140856295721
ϹϲϹϲ	1	6.486766995329527e-05	13.912140856295721
ϪϲЀ	1	6.486766995329527e-05	13.912140856295721
ϩϮϺ	1	6.486766995329527e-05	13.912140856295721
ϹϫϱЀ	1	6.486766995329527e-05	13.912140856295721
ϾϲϱϨ	1	6.486766995329527e-05	13.912140856295721
ϸϨϾ	1	6.486766995329527e-05	13.912140856295721
ϺϮ	1	6.486766995329527e-05	13.912140856295721
ϹϯϺ	1	6.486766995329527e-05	13.912140856295721
ЂЂϱ	1	6.486766995329527e-05	13.912140856295721
ϲϪϽϨ	1	6.486766995329527e-05	13.912140856295721
ϾϨϴϱ	1	6.486766995329527e-05	13.912140856295721
ϲϹЀϹЀ	1	6.486766995329527e-05	13.912140856295721
ϲϨϱϨ	1	6.486766995329527e-05	13.912140856295721
ϹϺϫϴϨ	1	6.486766995329527e-05	13.912140856295721
ϸϹϷϱϨ	1	6.486766995329527e-05	13.912140856295721
ЁϭϨϨ	1	6.486766995329527e-05	13.912140856295721
ϰϺϪϴ	1	6.486766995329527e-05	13.912140856295721
ϯϺϴ	1	6.486766995329527e-05	13.912140856295721
ϾϽ	1	6.486766995329527e-05	13.912140856295721
ϹϾЀϨ	1	6.486766995329527e-05	13.912140856295721
ЁϲϨϨ	1	6.486766995329527e-05	13.912140856295721
ϩЀϻ	1	6.486766995329527e-05	13.912140856295721
ϮϺϹϨϴ	1	6.486766995329527e-05	13.912140856295721
ϨϭϺ	1	6.486766995329527e-05	13.912140856295721
ϾϲϨϴϱ	1	6.486766995329527e-05	13.912140856295721
ϫϲϹЂϨϴϱ	1	6.486766995329527e-05	13.912140856295721
ЀϮϲϴϱ	1	6.486766995329527e-05	13.912140856295721
ϷϭϮϱ	1	6.486766995329527e-05	13.912140856295721
ϹϱϺϷ	1	6.486766995329527e-05	13.912140856295721
ϫϱϨϫЀ	1	6.486766995329527e-05	13.912140856295721
ϮϹϽЀ	1	6.486766995329527e-05	13.912140856295721
ϾϺϹ	1	6.486766995329527e-05	13.912140856295721
ϹЀϩϨ	1	6.486766995329527e-05	13.912140856295721
Ϫϭ	1	6.486766995329527e-05	13.912140856295721
Ϲϭϱ	1	6.486766995329527e-05	13.912140856295721
ϱϻϱ	1	6.486766995329527e-05	13.912140856295721
ϭϬϺ	1	6.486766995329527e-05	13.912140856295721
ЁϻϴϨ	1	6.486766995329527e-05	13.912140856295721
ϾϸϽϱϴ	1	6.486766995329527e-05	13.912140856295721
ϹϹϨϴ	1	6.486766995329527e-05	13.912140856295721
ϨϪϨϴ	1	6.486766995329527e-05	13.912140856295721
Ѐϲϸϰ	1	6.486766995329527e-05	13.912140856295721
Ѐϲϲ	1	6.486766995329527e-05	13.912140856295721
ϹϺϮϨ	1	6.486766995329527e-05	13.912140856295721
ϭЁϮϱ	1	6.486766995329527e-05	13.912140856295721
ϸϲϨϴ	1	6.486766995329527e-05	13.912140856295721
ϪЂϺ	1	6.486766995329527e-05	13.912140856295721
ϹϳϹϱ	1	6.486766995329527e-05	13.912140856295721
ϪϰЂϱϴ	1	6.486766995329527e-05	13.912140856295721
ϰЀϱϨ	1	6.486766995329527e-05	13.912140856295721
ϲϹϱϹϱ	1	6.486766995329527e-05	13.912140856295721
ϹϳϺϴ	1	6.486766995329527e-05	13.912140856295721
ϰϱϺϴ	1	6.486766995329527e-05	13.912140856295721
ϱϮϨ	1	6.486766995329527e-05	13.912140856295721
Ͻϲϫϱϴ	1	6.486766995329527e-05	13.912140856295721
ЁϮϭ	1	6.486766995329527e-05	13.912140856295721
ϭϻϽϨ	1	6.486766995329527e-05	13.912140856295721
ϭϲϽϨ	1	6.486766995329527e-05	13.912140856295721
ϹϾϨϴ	1	6.486766995329527e-05	13.912140856295721
ϫϨϴϨ	1	6.486766995329527e-05	13.912140856295721
ЁϨϺϲ	1	6.486766995329527e-05	13.912140856295721
ϽϩϺ	1	6.486766995329527e-05	13.912140856295721
ϹϽϱ	1	6.486766995329527e-05	13.912140856295721
ϰϮϲϨϴ	1	6.486766995329527e-05	13.912140856295721
ϾϲϹϱ	1	6.486766995329527e-05	13.912140856295721
ϹϲϨϴ	1	6.486766995329527e-05	13.912140856295721
ϮϽϹϱ	1	6.486766995329527e-05	13.912140856295721
ϻЂϨ	1	6.486766995329527e-05	13.912140856295721
ϹϸϽϱ	1	6.486766995329527e-05	13.912140856295721
ϹϸϹϱ	1	6.486766995329527e-05	13.912140856295721
ϾϺϭ	1	6.486766995329527e-05	13.912140856295721
ЂϭЀϰ	1	6.486766995329527e-05	13.912140856295721
ϹϳϺ	1	6.486766995329527e-05	13.912140856295721
ϫϩϺϱ	1	6.486766995329527e-05	13.912140856295721
ϮϺϰϱ	1	6.486766995329527e-05	13.912140856295721
ϲϬϸϱ	1	6.486766995329527e-05	13.912140856295721
ϹϺϨϲ	1	6.486766995329527e-05	13.912140856295721
Ϯϰϲ	1	6.486766995329527e-05	13.912140856295721
ϫϸ	1	6.486766995329527e-05	13.912140856295721
ϼϲϨϴ	1	6.486766995329527e-05	13.912140856295721
ϫϪ	1	6.486766995329527e-05	13.912140856295721
ϩЀ	1	6.486766995329527e-05	13.912140856295721
Ѐϲϸ	1	6.486766995329527e-05	13.912140856295721
ЀϮϴ	1	6.486766995329527e-05	13.912140856295721
ϰϲϲϴϱ	1	6.486766995329527e-05	13.912140856295721
ϰϲϹϴ	1	6.486766995329527e-05	13.912140856295721
ϰϯϸ	1	6.486766995329527e-05	13.912140856295721
ϫϲϹϱϺ	1	6.486766995329527e-05	13.912140856295721
ϰϲϽϪϱ	1	6.486766995329527e-05	13.912140856295721
ϹЁϮϱ	1	6.486766995329527e-05	13.912140856295721
ϮϲϯϪ	1	6.486766995329527e-05	13.912140856295721
Ϩϭϱϴ	1	6.486766995329527e-05	13.912140856295721
ϾЀϸϱ	1	6.486766995329527e-05	13.912140856295721
ϫϸϱϴ	1	6.486766995329527e-05	13.912140856295721
ϫϺϨϨ	1	6.486766995329527e-05	13.912140856295721
ЂϭϨ	1	6.486766995329527e-05	13.912140856295721
ϱϷϴϨ	1	6.486766995329527e-05	13.912140856295721
ϭϺϭϱϨ	1	6.486766995329527e-05	13.912140856295721
ϭЂЀ	1	6.486766995329527e-05	13.912140856295721
ϾϨϱ	1	6.486766995329527e-05	13.912140856295721
ϾЀϴ	1	6.486766995329527e-05	13.912140856295721
ϱϭϱϨ	1	6.486766995329527e-05	13.912140856295721
ϪϷϺ	1	6.486766995329527e-05	13.912140856295721
ϨϺϴϨ	1	6.486766995329527e-05	13.912140856295721
ЁϽϱ	1	6.486766995329527e-05	13.912140856295721
ϮϹЂϺ	1	6.486766995329527e-05	13.912140856295721
ϱϪϽϨ	1	6.486766995329527e-05	13.912140856295721
ϮϷϺϪϨ	1	6.486766995329527e-05	13.912140856295721
ϸϲϩ	1	6.486766995329527e-05	13.912140856295721
ϱϯϺϴϱ	1	6.486766995329527e-05	13.912140856295721
ϫϹϸϱ	1	6.486766995329527e-05	13.912140856295721
ϰϪϹϴϨ	1	6.486766995329527e-05	13.912140856295721
ϨϺЁ	1	6.486766995329527e-05	13.912140856295721
Ϸϲϫϱ	1	6.486766995329527e-05	13.912140856295721
ЁϭϽϨ	1	6.486766995329527e-05	13.912140856295721
ϲϻϱ	1	6.486766995329527e-05	13.912140856295721
ϻϺϨ	1	6.486766995329527e-05	13.912140856295721
ϰϮϲϨϴϱ	1	6.486766995329527e-05	13.912140856295721
ϸϨЀϰ	1	6.486766995329527e-05	13.912140856295721
ϭϾϮϨ	1	6.486766995329527e-05	13.912140856295721
ϹϫϨϮ	1	6.486766995329527e-05	13.912140856295721
ϰϭЀϱ	1	6.486766995329527e-05	13.912140856295721
ϩϻϲ	1	6.486766995329527e-05	13.912140856295721
ϨЂϮ	1	6.486766995329527e-05	13.912140856295721
ϮϺϾϨ	1	6.486766995329527e-05	13.912140856295721
ϬϲϩϨ	1	6.486766995329527e-05	13.912140856295721
ϭϲϺ	1	6.486766995329527e-05	13.912140856295721
ϸϹϲ	1	6.486766995329527e-05	13.912140856295721
ϾϺϱϨ	1	6.486766995329527e-05	13.912140856295721
ϹϰϩЀ	1	6.486766995329527e-05	13.912140856295721
ϹϨϺ	1	6.486766995329527e-05	13.912140856295721
ϹЂЀϴ	1	6.486766995329527e-05	13.912140856295721
ϬϨϱϨ	1	6.486766995329527e-05	13.912140856295721
ϹϱϹЀ	1	6.486766995329527e-05	13.912140856295721
ЁϪϲϱ	1	6.486766995329527e-05	13.912140856295721
ϮϽϱϨ	1	6.486766995329527e-05	13.912140856295721
ϫϪϪϨ	1	6.486766995329527e-05	13.912140856295721
ϷϻϷ	1	6.486766995329527e-05	13.912140856295721
Ϲϭϫϭ	1	6.486766995329527e-05	13.912140856295721
ϫϹϹϨ	1	6.486766995329527e-05	13.912140856295721
ϪϺϨ	1	6.486766995329527e-05	13.912140856295721
ϮϲϩϨ	1	6.486766995329527e-05	13.912140856295721
ϮЀϴϨ	1	6.486766995329527e-05	13.912140856295721
ϳϪϱϨϴ	1	6.486766995329527e-05	13.912140856295721
ϽϴϨ	1	6.486766995329527e-05	13.912140856295721
ϽϮϰϱ	1	6.486766995329527e-05	13.912140856295721
ϰϱϰϱ	1	6.486766995329527e-05	13.912140856295721
ϯϫ	1	6.486766995329527e-05	13.912140856295721
ϰϱϭϱ	1	6.486766995329527e-05	13.912140856295721
ϹϫЀϴ	1	6.486766995329527e-05	13.912140856295721
ϪϽ	1	6.486766995329527e-05	13.912140856295721
ϲϨϲϨ	1	6.486766995329527e-05	13.912140856295721
ϾЀϴϨ	1	6.486766995329527e-05	13.912140856295721
ϭϲϸϨ	1	6.486766995329527e-05	13.912140856295721
ϹϾϨϴϨ	1	6.486766995329527e-05	13.912140856295721
ϹϱϨϨ	1	6.486766995329527e-05	13.912140856295721
ϸϺϹϱϨ	1	6.486766995329527e-05	13.912140856295721
ϫϲЂϩϨ	1	6.486766995329527e-05	13.912140856295721
Ϩϰϱϲϴ	1	6.486766995329527e-05	13.912140856295721
ЀϽϴϨ	1	6.486766995329527e-05	13.912140856295721
ϹϱЀ	1	6.486766995329527e-05	13.912140856295721
ϰϹϱ	1	6.486766995329527e-05	13.912140856295721
ϰϺϨϨ	1	6.486766995329527e-05	13.912140856295721
ЂϮϴϱ	1	6.486766995329527e-05	13.912140856295721
ϲЁϲϱ	1	6.486766995329527e-05	13.912140856295721
ϸϻ	1	6.486766995329527e-05	13.912140856295721
ϫϲЂϴϨ	1	6.486766995329527e-05	13.912140856295721
ЁϺϰϱ	1	6.486766995329527e-05	13.912140856295721
Ϲϰϸϱ	1	6.486766995329527e-05	13.912140856295721
Ϲϫϱϴ	1	6.486766995329527e-05	13.912140856295721
ϨЂϨЂ	1	6.486766995329527e-05	13.912140856295721
ϼЀϱ	1	6.486766995329527e-05	13.912140856295721
ϹϲЂϨ	1	6.486766995329527e-05	13.912140856295721
ϲϾ	1	6.486766995329527e-05	13.912140856295721
ϰЁЁ	1	6.486766995329527e-05	13.912140856295721
ϹϫϷϱ	1	6.486766995329527e-05	13.912140856295721
ЂϹϴ	1	6.486766995329527e-05	13.912140856295721
ϮЀЀϴϱ	1	6.486766995329527e-05	13.912140856295721
ЂϮϨ	1	6.486766995329527e-05	13.912140856295721
ЀϹϴ	1	6.486766995329527e-05	13.912140856295721
ϲϽϷ	1	6.486766995329527e-05	13.912140856295721
ϹϺϫ	1	6.486766995329527e-05	13.912140856295721
ϾϲЀϨ	1	6.486766995329527e-05	13.912140856295721
Ͻϸ	1	6.486766995329527e-05	13.912140856295721
ϮϺϮϺ	1	6.486766995329527e-05	13.912140856295721
ϨϪϱϨϴ	1	6.486766995329527e-05	13.912140856295721
ϮϭϲϽϨ	1	6.486766995329527e-05	13.912140856295721
ϰϹЀϱ	1	6.486766995329527e-05	13.912140856295721
ϹϺϾϨ	1	6.486766995329527e-05	13.912140856295721
ϹЁϹϸ	1	6.486766995329527e-05	13.912140856295721
ϹϱϹϻ	1	6.486766995329527e-05	13.912140856295721
ϲϬϽ	1	6.486766995329527e-05	13.912140856295721
ϩϽϱ	1	6.486766995329527e-05	13.912140856295721
ϮЀϨϴ	1	6.486766995329527e-05	13.912140856295721
ϹϮϺϰЀ	1	6.486766995329527e-05	13.912140856295721
ϪϺЂϱ	1	6.486766995329527e-05	13.912140856295721
ϹϮЀ	1	6.486766995329527e-05	13.912140856295721
ϹϫϩЀ	1	6.486766995329527e-05	13.912140856295721
ЁϪϱ	1	6.486766995329527e-05	13.912140856295721
ϨϾ	1	6.486766995329527e-05	13.912140856295721
ϲϾϲϱ	1	6.486766995329527e-05	13.912140856295721
ϺϸϽϱ	1	6.486766995329527e-05	13.912140856295721
ϨЀϰ	1	6.486766995329527e-05	13.912140856295721
ϺϹϱ	1	6.486766995329527e-05	13.912140856295721
ϹϹϱ	1	6.486766995329527e-05	13.912140856295721
ϮϲϮϲϨ	1	6.486766995329527e-05	13.912140856295721
ϭЀϩϴ	1	6.486766995329527e-05	13.912140856295721
ϻϲϽϴ	1	6.486766995329527e-05	13.912140856295721
ϩЀϨ	1	6.486766995329527e-05	13.912140856295721
ϲϫϺ	1	6.486766995329527e-05	13.912140856295721
ЀϮϨ	1	6.486766995329527e-05	13.912140856295721
ϸϨϫϵ	1	6.486766995329527e-05	13.912140856295721
ϱϲϮϨ	1	6.486766995329527e-05	13.912140856295721
ϲЂϲ	1	6.486766995329527e-05	13.912140856295721
ϨϬϺ	1	6.486766995329527e-05	13.912140856295721
ϬϲϴϨ	1	6.486766995329527e-05	13.912140856295721
ϨϲϮϴ	1	6.486766995329527e-05	13.912140856295721
ϹϮϨϮϨ	1	6.486766995329527e-05	13.912140856295721
ϭϺϽϴ	1	6.486766995329527e-05	13.912140856295721
ϹϾϱϲ	1	6.486766995329527e-05	13.912140856295721
ϱϺϮϮϨϴ	1	6.486766995329527e-05	13.912140856295721
ϱЀϴϨ	1	6.486766995329527e-05	13.912140856295721
Ϭϩϭ	1	6.486766995329527e-05	13.912140856295721
Ϲϼ	1	6.486766995329527e-05	13.912140856295721
ϪϺϹϨϴ	1	6.486766995329527e-05	13.912140856295721
ϲϱϫ	1	6.486766995329527e-05	13.912140856295721
ЂϲϮϨϴ	1	6.486766995329527e-05	13.912140856295721
ЂϲϮϨ	1	6.486766995329527e-05	13.912140856295721
ϽϲϻϨ	1	6.486766995329527e-05	13.912140856295721
ϹϾЀϴ	1	6.486766995329527e-05	13.912140856295721
ϳϱϲϨ	1	6.486766995329527e-05	13.912140856295721
ϰϱϲ	1	6.486766995329527e-05	13.912140856295721
ϭϪϱϴ	1	6.486766995329527e-05	13.912140856295721
ϳϪϱ	1	6.486766995329527e-05	13.912140856295721
ЀϬϲ	1	6.486766995329527e-05	13.912140856295721
ϰϬϴ	1	6.486766995329527e-05	13.912140856295721
ϩϭ	1	6.486766995329527e-05	13.912140856295721
Ϲϻϱ	1	6.486766995329527e-05	13.912140856295721
ϹϨϲϨ	1	6.486766995329527e-05	13.912140856295721
ϹϺϨ	1	6.486766995329527e-05	13.912140856295721
ϭϮϨ	1	6.486766995329527e-05	13.912140856295721
ϩЀЀϨ	1	6.486766995329527e-05	13.912140856295721
ϽϮ	1	6.486766995329527e-05	13.912140856295721
ϭϮϮϨ	1	6.486766995329527e-05	13.912140856295721
Ϫϰ	1	6.486766995329527e-05	13.912140856295721
ϹϲЂϲЂ	1	6.486766995329527e-05	13.912140856295721
ϨϲϮϴϨ	1	6.486766995329527e-05	13.912140856295721
ϻϨ	1	6.486766995329527e-05	13.912140856295721
ϰϱϴϨϵ	1	6.486766995329527e-05	13.912140856295721
ϹЀϴ	1	6.486766995329527e-05	13.912140856295721
ЂϲϮ	1	6.486766995329527e-05	13.912140856295721
ϭϺϴ	1	6.486766995329527e-05	13.912140856295721
ϱϺϮϮϨ	1	6.486766995329527e-05	13.912140856295721
ϬЀЀ	1	6.486766995329527e-05	13.912140856295721
ϰϺϺϮϱ	1	6.486766995329527e-05	13.912140856295721
ЀϹϱϽϱ	1	6.486766995329527e-05	13.912140856295721
ϪϺϹϨϨ	1	6.486766995329527e-05	13.912140856295721
ϾϾϱ	1	6.486766995329527e-05	13.912140856295721
ϮϭϭϨ	1	6.486766995329527e-05	13.912140856295721
ϮЀϰ	1	6.486766995329527e-05	13.912140856295721
ϪϪϲ	1	6.486766995329527e-05	13.912140856295721
ϾϪϲϨ	1	6.486766995329527e-05	13.912140856295721
ϹϭϮ	1	6.486766995329527e-05	13.912140856295721
ϬЀЀϨ	1	6.486766995329527e-05	13.912140856295721
ϫϩЀ	1	6.486766995329527e-05	13.912140856295721
ϫϺϱϴ	1	6.486766995329527e-05	13.912140856295721
ϲϳϨЀ	1	6.486766995329527e-05	13.912140856295721
ϲϫϮϱ	1	6.486766995329527e-05	13.912140856295721
ϮϺϺϱ	1	6.486766995329527e-05	13.912140856295721
ϫϺϸϽ	1	6.486766995329527e-05	13.912140856295721
ϽϲϰϱϨ	1	6.486766995329527e-05	13.912140856295721
ϹϮϱϴ	1	6.486766995329527e-05	13.912140856295721
ϹϮϨЀ	1	6.486766995329527e-05	13.912140856295721
ϮϭϺϨ	1	6.486766995329527e-05	13.912140856295721
ϰϱϯЀϨ	1	6.486766995329527e-05	13.912140856295721
ϺϨϻϱ	1	6.486766995329527e-05	13.912140856295721
ϲϺϴ	1	6.486766995329527e-05	13.912140856295721
ϱϸϱϨϴϱ	1	6.486766995329527e-05	13.912140856295721
ϱϽϽϴϱ	1	6.486766995329527e-05	13.912140856295721
ϹϾϸЀϴϱ	1	6.486766995329527e-05	13.912140856295721
ϰϽЀϴϨ	1	6.486766995329527e-05	13.912140856295721
ϳϺϮϨ	1	6.486766995329527e-05	13.912140856295721
ϭϨ	1	6.486766995329527e-05	13.912140856295721
ЀϹϨ	1	6.486766995329527e-05	13.912140856295721
ϹϺϲϫϮϱ	1	6.486766995329527e-05	13.912140856295721
ϹϲϲϱϨ	1	6.486766995329527e-05	13.912140856295721
ϾϮϨϲϱϨ	1	6.486766995329527e-05	13.912140856295721
ϹϲϭϭϨ	1	6.486766995329527e-05	13.912140856295721
ϼЀϴ	1	6.486766995329527e-05	13.912140856295721
ϰϬϬϴ	1	6.486766995329527e-05	13.912140856295721
ϯϮϨ	1	6.486766995329527e-05	13.912140856295721
ϬϨ	1	6.486766995329527e-05	13.912140856295721
ϩϮϺϱ	1	6.486766995329527e-05	13.912140856295721
ϾϪϹϱ	1	6.486766995329527e-05	13.912140856295721
ϹϾϲϱ	1	6.486766995329527e-05	13.912140856295721
ϱϾЀϨ	1	6.486766995329527e-05	13.912140856295721
ϯϻϱ	1	6.486766995329527e-05	13.912140856295721
ϹϪϯ	1	6.486766995329527e-05	13.912140856295721
ϽϮϺϱ	1	6.486766995329527e-05	13.912140856295721
ϲЁϲϴ	1	6.486766995329527e-05	13.912140856295721
ϾϻЀϱ	1	6.486766995329527e-05	13.912140856295721
ϫϭ	1	6.486766995329527e-05	13.912140856295721
ϫϭϭϱ	1	6.486766995329527e-05	13.912140856295721
ЁЀЀϴϱ	1	6.486766995329527e-05	13.912140856295721
ϹϪϾ	1	6.486766995329527e-05	13.912140856295721
ϷЀϴϨ	1	6.486766995329527e-05	13.912140856295721
ϪϯϹϨ	1	6.486766995329527e-05	13.912140856295721
ϰϽϲ	1	6.486766995329527e-05	13.912140856295721
ϭЀϨϴ	1	6.486766995329527e-05	13.912140856295721
ϸϹϽϱ	1	6.486766995329527e-05	13.912140856295721
ϽϸϨϴ	1	6.486766995329527e-05	13.912140856295721
ϰϨϴϱ	1	6.486766995329527e-05	13.912140856295721
ϹϸϼЀ	1	6.486766995329527e-05	13.912140856295721
ϱϫϮϱ	1	6.486766995329527e-05	13.912140856295721
ϭϻϨϨ	1	6.486766995329527e-05	13.912140856295721
ϰϫϴ	1	6.486766995329527e-05	13.912140856295721
ϪϩϹϱ	1	6.486766995329527e-05	13.912140856295721
ϰϲϪϱ	1	6.486766995329527e-05	13.912140856295721
ϾϺЀϱ	1	6.486766995329527e-05	13.912140856295721
ϹϮϰϱ	1	6.486766995329527e-05	13.912140856295721
ϲϬϨϴ	1	6.486766995329527e-05	13.912140856295721
ϮϻЂϺϨ	1	6.486766995329527e-05	13.912140856295721
ЁϮϴϱ	1	6.486766995329527e-05	13.912140856295721
ϰϺϪϨϴϱ	1	6.486766995329527e-05	13.912140856295721
ϷϹЀϱ	1	6.486766995329527e-05	13.912140856295721
ϱϽϽϨ	1	6.486766995329527e-05	13.912140856295721
ϫϭϨ	1	6.486766995329527e-05	13.912140856295721
ϲϫϮϨ	1	6.486766995329527e-05	13.912140856295721
ϽϹϱϴ	1	6.486766995329527e-05	13.912140856295721
ϷЀϰ	1	6.486766995329527e-05	13.912140856295721
ϰЁϹϨ	1	6.486766995329527e-05	13.912140856295721
ϺЂЀϱ	1	6.486766995329527e-05	13.912140856295721
ϰϲϨϨ	1	6.486766995329527e-05	13.912140856295721
ϱϷϨ	1	6.486766995329527e-05	13.912140856295721
ϮϨϲϴϨ	1	6.486766995329527e-05	13.912140856295721
ϲϹϪ	1	6.486766995329527e-05	13.912140856295721
ϮϷϨ	1	6.486766995329527e-05	13.912140856295721
ϸϩϱ	1	6.486766995329527e-05	13.912140856295721
ϾϺϴϱ	1	6.486766995329527e-05	13.912140856295721
ϷϺϴϱ	1	6.486766995329527e-05	13.912140856295721
ϸϹϫ	1	6.486766995329527e-05	13.912140856295721
ϯϪϺ	1	6.486766995329527e-05	13.912140856295721
ЁϮϮϨ	1	6.486766995329527e-05	13.912140856295721
ϷϫϹ	1	6.486766995329527e-05	13.912140856295721
ϮϺϻϽϨ	1	6.486766995329527e-05	13.912140856295721
ϹϲϷϱ	1	6.486766995329527e-05	13.912140856295721
ϬϮϬϮϨ	1	6.486766995329527e-05	13.912140856295721
ϲϱЀ	1	6.486766995329527e-05	13.912140856295721
ϱϹϾϽ	1	6.486766995329527e-05	13.912140856295721
ϫϨϮϱ	1	6.486766995329527e-05	13.912140856295721
ЁЀϱϨ	1	6.486766995329527e-05	13.912140856295721
ϩϺϫϱ	1	6.486766995329527e-05	13.912140856295721
ϱϲϮϴϱ	1	6.486766995329527e-05	13.912140856295721
ϲϮϲϮϴϱ	1	6.486766995329527e-05	13.912140856295721
ϲϳЀϴ	1	6.486766995329527e-05	13.912140856295721
ϱϽϲϨ	1	6.486766995329527e-05	13.912140856295721
ϲϪϨϫϱϨ	1	6.486766995329527e-05	13.912140856295721
ϲϭϱ	1	6.486766995329527e-05	13.912140856295721
ϫϺϸϨ	1	6.486766995329527e-05	13.912140856295721
ϰϽϱ	1	6.486766995329527e-05	13.912140856295721
ϪϺϯ	1	6.486766995329527e-05	13.912140856295721
ϰϽϪ	1	6.486766995329527e-05	13.912140856295721
ϹЂϱ	1	6.486766995329527e-05	13.912140856295721
ϩϪϫϱ	1	6.486766995329527e-05	13.912140856295721
ϮϺϩϨ	1	6.486766995329527e-05	13.912140856295721
ϭЀϭϱϨ	1	6.486766995329527e-05	13.912140856295721
ϹϨϴ	1	6.486766995329527e-05	13.912140856295721
ϹϾϮϴϱ	1	6.486766995329527e-05	13.912140856295721
ϲϪϹϨ	1	6.486766995329527e-05	13.912140856295721
ϺϾϴ	1	6.486766995329527e-05	13.912140856295721
ϲϺϴϨ	1	6.486766995329527e-05	13.912140856295721
ϾϹϻϨ	1	6.486766995329527e-05	13.912140856295721
ϫϩϺϨ	1	6.486766995329527e-05	13.912140856295721
ϩЀϨϴ	1	6.486766995329527e-05	13.912140856295721
ϺϪϱ	1	6.486766995329527e-05	13.912140856295721
ϹϯЀ	1	6.486766995329527e-05	13.912140856295721
ϫϲϱϨ	1	6.486766995329527e-05	13.912140856295721
ϪϨϺ	1	6.486766995329527e-05	13.912140856295721
ϫϭϭ	1	6.486766995329527e-05	13.912140856295721
ϪϪϱ	1	6.486766995329527e-05	13.912140856295721
ϹϲϨϨ	1	6.486766995329527e-05	13.912140856295721
