1 2 3 4 1 5 6 1 7 8 9 5 10 11 12 13 5 14 15 16 17 6 5 18 19 20 21 22 23 24 3
5 25 26 27 28 21 29 30 18 31 14 5 32 33 2 34 8 5 35 22 35 20 5 10 3 1 8 5 31 28 36
26 21 5 37 2 6 38 39 15 38 15 21 36 5 34 40 41 35 42 5 43 36 44 27 5 19 4 6 36 5 45
22 46 1 36 5 12 29 45 28 5 47 36 6 45 19 48 47 5 37 41 11 44 20 5 32 49 37 50 30 51 27
32 5 52 7 12 13 5 27 38 32 44 5 31 53 6 15 36 21 50 8 54 25 5 55 8 4 14 5 13 45 32
31 1 5 12 56 56 5 39 16 33 5 26 38 57 22 5 22 28 26 5 36 48 57 12 32 3 5 34 35 29 45
5 16 38 37 58 5 41 44 14 5 6 45 4 5 59 6 48 5 22 29 56 5 34 12 16 29 45 8 5 58 58
35 22 30 5 46 27 54 5 30 3 29 23 5 7 58 37 5 39 45 27 15 45 5 21 47 15 19 5 56 58 27
6 36 19 15 60 61 27 23 55 5 35 62 31 35 58 5 20 27 58 5 23 6 10 52 13 5 13 58 45 54 12
17 46 20 7 26 41 23 33 5 41 29 29 56 63 5 52 64 27 12 11 14 43 35 16 5 24 48 65 32 22 5
56 19 14 8 5 27 24 66 20 5 34 54 22 44 5 23 26 11 5 25 46 30 32 5 12 67 54 68 5 6 12
48 14 30 3 15 5 27 63 11 5 29 69 61 31 5 50 26 53 26 36 40 28 39 5 19 8 54 41 5 21 53
41 5 50 38 1 5 19 33 13 34 5 6 12 12 45 2 5 48 68 53 53 5 46 24 30 58 22 20 5 65 57
16 37 15 5 15 58 37 22 22 20 39 5 25 22 62 35 28 5 12 13 58 12 1 26 15 38 29 5 41 21 63
6 12 5 14 27 35 37 45 63 6 5 67 39 61 2 47 54 28 19 5 13 45 19 45 16 53 29 59 5 18 25
13 13 5 12 29 14 36 52 5 28 35 44 63 63 16 50 11 36 5 54 6 51 19 5 9 52 68 5 41 64 48
5 51 65 19 34 5 6 1 70 7 43 12 65 4 63 27 37 5 48 58 28 16 5 6 50 27 5 41 28 26 67
21 5 1 43 64 58 26 5 34 30 71 23 5 35 23 8 48 8 5 8 11 16 61 16 5 20 9 53 19 27 1
45 19 8 27 32 8 44 46 5 47 49 15 5 45 47 45 5 14 8 72 5 23 53 35 5 15 35 21 32 24 45
63 6 5 19 6 35 5 16 19 37 5 14 45 7 5 1 46 53 72 28 5 14 43 56 58 57 5 73 8 45 73
39 69 16 51 40 10 74 4 20 29 5 6 73 22 69 45 5 47 57 14 23 6 27 16 11 41 41 5 30 16 1
29 5 37 15 3 5 7 49 65 47 57 5 21 60 44 53 26 5 59 29 45 27 5 44 28 32 20 69 19 45 72
25 6 23 5 28 38 33 5 63 35 7 5 1 61 41 39 27 10 35 54 45 5 14 35 29 5 59 37 36 5 35
1 63 5 47 43 35 47 32 5 25 48 35 56 48 5 10 51 20 48 14 39 47 17 2 50 14 22 2 48 48 31
32 72 51 57 23 27 5 19 18 4 5 23 12 47 5 14 43 16 48 5 34 12 37 67 39 5 56 12 20 29 22
5 38 1 45 13 21 20 69 32 5 4 22 4 5 60 45 38 5 54 45 32 6 5 63 38 27 50 5 2 28 37
29 15 3 12 15 5 10 64 54 5 73 16 11 52 7 5 48 61 11 43 5 21 53 28 72 5 74 33 15 21 5
74 29 36 50 5 20 9 35 63 28 46 11 6 58 16 5 39 15 28 36 43 36 4 5 27 7 59 23 5 72 10
15 26 25 29 37 5 50 18 46 5 23 67 2 51 10 5 16 6 26 22 5 36 1 10 20 6 6 34 23 5 52
56 11 47 5 29 16 67 72 5 73 41 7 67 14 5 22 58 49 41 16 35 53 40 31 36 34 5 4 16 44 38
6 5 39 21 27 48 8 5 23 58 35 19 5 2 27 19 37 58 34 50 39 10 12 35 7 5 49 43 32 4 5
20 39 12 67 4 15 45 31 5 41 57 7 19 5 25 47 13 12 5 46 39 18 32 6 5 44 23 14 20 26 5
14 28 37 65 37 7 44 25 61 5 30 44 47 56 47 27 8 5 56 4 61 26 5 32 36 51 45 60 46 39 16
32 14 74 5 45 33 44 20 24 27 50 5 47 4 45 14 22 5 60 12 34 72 5 10 36 56 5 25 14 61 5
48 32 48 5 26 47 7 60 57 5 35 7 25 26 21 5 72 34 29 35 33 46 50 28 23 37 19 32 14 5 1
51 63 37 58 5 54 60 50 37 5 51 14 56 27 31 5 16 39 28 45 5 58 34 8 73 1 22 63 28 25 19
28 5 28 32 46 58 9 5 16 50 65 58 7 16 7 12 48 5 75 42 63 8 57 5 74 47 21 11 5 48 45
26 5 32 50 45 47 72 6 60 43 51 39 35 13 12 61 58 3 43 5 35 35 34 5 51 65 29 5 74 25 11
56 16 73 74 47 54 23 5 21 57 57 5 7 44 56 67 5 14 49 19 66 39 5 48 22 45 56 58 5 2 31
16 6 5 65 10 20 15 5 3 69 13 10 5 19 23 47 56 10 12 11 51 2 5 7 1 7 45 41 26 46 45
47 5 3 1 6 5 45 26 41 32 21 5 48 7 61 63 11 5 74 69 32 61 4 5 61 63 35 32 5 74 35
34 5 35 59 29 12 15 20 5 26 6 19 36 5 51 28 13 19 50 24 50 39 5 37 3 24 36 15 5 23 47
65 5 19 74 17 76 4 5 49 44 9 14 5 50 50 26 45 5 73 1 34 73 34 21 34 46 58 23 18 5 23
6 24 34 5 37 23 39 34 5 48 54 24 49 29 20 27 4 19 14 5 67 34 48 16 5 28 16 68 30 45 12
2 74 5 39 35 46 5 19 15 36 49 22 2 59 28 41 5 11 15 28 15 16 54 20 16 5 23 16 27 32 8
19 36 19 62 5 45 69 48 48 5 23 8 32 68 5 47 56 58 38 33 5 43 74 12 40 67 5 47 58 34 32
22 41 13 29 36 47 69 33 73 5 64 1 45 5 29 23 74 4 5 13 67 32 21 5 72 57 73 45 61 5 32
47 8 51 36 34 21 69 29 5 3 11 36 73 22 16 18 3 58 21 22 5 37 11 38 22 5 23 6 32 5 28
43 43 36 5 1 10 66 5 31 50 41 60 6 12 3 10 23 20 5 1 30 16 5 15 4 22 37 39 54 18 5
28 19 67 11 58 14 14 5 7 26 16 37 5 26 29 20 5 19 7 28 16 5 67 6 67 13 6 5 4 34 55
47 5 6 20 40 39 32 5 28 45 69 6 51 36 28 28 56 41 8 47 1 35 58 5 11 72 62 45 5 24 74
21 52 54 7 24 23 15 36 46 11 26 36 6 45 16 5 8 45 47 5 8 43 36 44 5 48 23 38 27 10 15
7 72 35 5 1 72 45 48 23 21 51 14 37 5 11 48 33 56 21 9 63 5 45 45 24 45 37 5 51 8 69
32 5 3 16 19 15 53 27 22 46 75 32 74 5 38 27 4 5 4 22 26 5 58 15 64 37 36 5 61 32 14
3 36 5 37 10 63 69 5 29 28 15 5 10 7 21 46 74 57 56 26 29 12 12 32 6 5 23 24 8 16 5
1 6 16 11 5 8 1 21 19 5 6 53 25 15 5 34 22 4 23 20 32 19 36 5 36 31 32 5 51 51 45
34 14 5 37 25 69 51 5 31 33 8 45 67 39 53 11 48 7 31 40 21 35 5 11 58 34 5 14 11 74 48
50 5 11 33 14 3 63 72 67 27 53 33 44 5 12 7 7 3 32 5 29 23 39 22 44 5 16 40 11 14 15
24 45 48 23 5 1 11 2 5 8 1 38 20 5 32 41 63 15 35 5 22 23 8 6 5 22 44 54 58 68 5
40 26 6 5 11 16 10 50 45 4 67 35 5 19 72 65 5 28 23 47 7 1 5 19 69 29 16 19 5 32 3
32 5 32 35 43 5 37 26 3 37 5 30 27 39 5 45 1 32 19 15 63 22 69 5 26 34 56 25 23 5 47
40 48 5 41 41 3 5 46 28 72 5 51 4 8 5 20 60 39 73 27 5 36 50 53 53 54 5 51 12 55 63
41 53 7 45 1 48 5 51 15 3 5 27 30 65 57 13 63 38 39 5 6 8 57 16 5 44 45 3 15 48 5
48 32 11 46 54 5 22 63 8 7 13 27 65 56 5 21 8 28 51 35 5 14 16 37 20 4 51 44 1 47 7
5 58 23 19 63 15 2 3 34 50 12 21 5 20 15 11 14 27 5 46 41 47 5 27 65 29 6 5 29 43 42
5 12 35 70 64 5 15 24 69 56 28 27 65 73 5 28 53 41 5 58 50 11 5 50 20 27 33 5 38 8 28
22 27 5 33 23 77 5 12 8 11 5 37 40 2 55 27 19 63 3 28 6 5 55 64 32 5 14 47 58 51 64
46 51 69 27 5 22 14 20 8 57 12 48 56 8 43 47 5 56 48 43 56 5 24 15 35 3 12 5 25 4 8
17 32 24 7 31 27 28 21 22 5 9 33 29 6 35 7 66 74 56 5 45 50 35 2 38 5 19 24 19 5 51
37 46 47 5 73 38 38 13 39 5 29 40 7 62 5 43 23 63 37 8 5 19 59 41 40 49 16 74 29 5 16
28 32 43 5 45 46 26 32 45 10 19 53 51 5 22 34 49 24 30 5 27 15 16 31 22 22 50 16 5 19 63
74 76 5 23 3 8 27 19 54 5 32 58 10 65 22 11 38 13 44 5 67 16 14 32 46 5 30 12 29 14 46
28 36 16 45 25 5 4 11 44 26 5 29 16 14 20 5 28 47 22 21 27 8 21 73 5 39 12 23 12 1 24
3 5 40 37 15 36 1 5 63 28 8 5 30 40 24 57 61 45 28 67 2 5 13 19 16 47 19 50 59 32 5
28 20 61 6 5 18 57 14 53 5 44 27 19 33 5 35 28 73 61 25 27 38 19 10 32 7 5 43 69 51 5
21 41 38 70 61 48 22 61 5 33 10 46 12 41 5 63 6 23 19 5 43 7 26 27 5 25 14 33 23 7 33
48 67 58 38 16 11 63 12 37 32 5 16 25 33 65 43 36 56 73 56 65 5 14 26 27 5 14 45 60 5 55
22 68 69 45 5 25 50 38 5 18 7 72 2 16 5 12 28 49 32 63 5 6 63 67 23 69 30 45 35 35 45
14 46 29 5 31 19 12 5 33 47 6 24 36 35 12 6 60 49 5 7 21 38 12 5 46 19 15 23 34 20 1
62 57 23 32 37 45 49 41 1 5 4 6 6 23 65 48 46 5 37 27 46 5 65 31 3 5 29 46 36 33 22
5 39 1 52 5 10 44 19 5 46 26 30 5 1 30 30 5 32 10 30 40 44 19 38 63 68 61 5 4 20 39
8 5 22 23 21 5 39 10 4 51 51 36 1 70 47 5 41 63 30 6 5 13 45 22 50 41 8 19 5 54 43
17 74 1 20 58 58 32 21 5 40 26 34 15 26 5 74 15 26 5 58 15 4 5 10 13 67 5 48 28 39 25
5 24 63 39 5 14 65 44 5 32 32 10 29 45 49 50 21 72 35 56 5 10 63 60 33 39 5 14 48 28 5
44 58 6 65 32 47 50 5 61 32 73 48 21 5 29 20 40 61 22 5 19 8 50 51 20 5 13 51 37 52 5
4 6 51 2 39 5 51 17 47 25 47 5 37 52 56 34 5 28 17 34 37 7 35 35 45 5 1 44 37 5 16
27 31 45 40 47 29 39 66 5 6 14 16 16 6 51 14 38 5 57 28 16 40 32 5 4 38 37 9 21 5 31
30 63 58 48 43 44 45 5 27 48 56 19 5 49 72 48 26 5 19 27 8 38 45 45 23 9 16 8 1 20 5
7 38 56 42 37 5 28 6 57 34 32 1 39 29 36 5 26 72 58 5 23 63 43 6 15 5 51 1 4 33 49
71 45 10 27 2 76 22 12 38 47 32 58 23 8 47 74 37 45 28 47 37 35 67 6 11 5 46 36 56 38 39
12 47 62 26 5 4 6 45 51 27 33 41 12 37 39 5 45 25 17 10 9 19 32 50 45 35 5 16 61 23 32
45 5 8 20 28 32 13 1 51 47 5 20 23 20 50 5 20 27 61 55 21 1 5 7 54 53 5 7 9 14 1
37 5 11 24 28 36 2 63 8 37 5 22 40 24 15 29 45 25 30 28 51 43 56 19 5 51 50 7 65 35 21
35 5 15 36 51 5 23 10 16 5 22 43 35 35 27 5 74 19 38 35 29 5 46 56 1 58 7 5 39 26 19
11 34 13 14 64 5 35 64 4 5 17 4 50 23 26 41 73 70 5 19 37 1 45 5 7 10 32 48 38 10 34
14 65 31 53 56 5 34 1 29 21 37 22 25 19 5 54 32 1 5 17 7 21 51 38 73 61 32 52 13 5 67
53 39 15 35 3 14 32 5 45 62 59 33 1 5 1 15 59 19 5 63 7 3 63 5 6 39 45 50 67 26 21
67 43 45 14 35 10 63 50 5 22 67 45 32 5 1 41 24 41 11 5 36 29 39 44 41 32 43 40 19 65 5
22 28 44 5 12 21 10 5 14 52 73 28 5 4 44 23 3 5 14 40 20 35 11 20 17 23 69 17 37 32 69
5 43 32 14 22 42 22 50 13 35 5 67 23 37 4 35 34 15 58 44 5 35 47 37 5 37 39 47 45 14 5
54 14 27 32 3 5 25 16 38 5 27 29 4 5 19 23 23 1 46 25 33 46 3 51 15 35 5 37 29 29 44
5 35 69 34 35 28 5 36 3 33 30 50 5 49 39 36 54 58 19 31 45 8 16 65 5 23 7 40 10 5 26
27 8 51 41 23 51 5 54 65 50 5 19 27 8 5 44 6 37 36 5 4 30 63 5 28 39 63 28 8 44 36
22 36 54 63 74 8 44 5 35 24 46 63 5 36 34 16 47 38 5 4 45 39 37 30 6 45 33 5 23 32 36
7 19 24 69 5 4 41 45 30 6 12 33 53 47 5 4 27 8 12 5 58 23 48 5 13 7 35 5 29 19 19
28 5 57 21 3 48 4 33 1 57 6 55 15 58 35 47 1 26 5 13 37 72 44 1 5 15 14 3 8 37 5
38 30 16 7 32 36 4 73 35 5 14 33 21 5 22 63 53 5 39 3 45 28 51 63 67 57 5 45 8 45 5
28 61 15 5 45 51 51 5 21 37 21 62 47 23 8 3 15 19 11 19 5 72 31 44 63 44 8 7 15 11 25
5 29 20 38 5 53 46 13 46 27 5 19 6 58 51 14 47 25 5 21 44 69 37 8 5 4 11 24 38 38 5
15 15 32 48 27 40 19 12 63 5 65 14 43 5 33 32 39 28 5 21 32 23 57 50 5 35 9 4 5 20 7
13 5 16 26 36 23 4 5 18 32 19 41 34 5 29 47 15 58 44 6 19 32 19 25 5 36 20 16 43 35 4
51 4 3 5 22 44 17 74 51 23 41 10 58 11 22 5 6 37 34 8 5 14 16 4 20 12 63 39 5 36 45
27 5 38 51 51 46 5 69 47 75 5 11 16 37 45 5 12 37 15 26 36 5 4 1 4 44 12 5 29 14 63
5 39 23 63 67 10 20 14 51 50 3 40 58 17 5 8 39 12 11 27 40 41 6 23 8 47 28 72 5 20 32
50 57 35 27 72 32 51 29 64 25 26 8 7 20 5 8 69 53 7 56 5 38 23 65 50 5 4 39 72 5 39
22 8 28 4 57 27 45 61 12 37 5 53 56 28 14 35 41 69 48 18 7 5 27 25 67 5 44 16 36 5 8
72 35 5 37 15 13 1 5 65 29 61 5 8 32 41 34 23 40 26 47 31 5 40 46 22 10 5 44 67 1 67
25 18 73 75 5 53 75 8 7 25 4 49 5 18 48 32 8 11 5 72 13 65 5 61 29 44 7 10 15 5 22
25 62 40 5 14 45 32 5 29 27 38 49 5 51 67 44 26 43 13 28 44 69 67 65 8 8 50 4 72 15 38
14 35 20 5 43 74 40 21 1 5 63 15 35 20 7 27 19 5 63 4 19 53 63 67 39 65 5 8 30 17 5
36 27 20 5 4 37 63 44 30 7 12 13 27 14 5 45 23 10 5 43 39 22 5 30 39 6 5 43 32 65 69
5 4 2 22 39 27 10 4 16 40 16 19 30 58 57 70 5 12 19 39 5 33 67 27 5 45 37 7 45 3 65
51 4 51 46 5 45 58 4 23 62 54 4 45 45 5 2 63 63 5 49 35 38 29 5 23 20 8 25 5 35 24
16 5 35 13 6 35 67 36 29 8 32 15 6 52 7 5 38 33 39 5 35 43 23 5 4 47 45 5 26 69 37
5 15 51 28 14 5 1 21 33 47 23 22 69 33 44 22 35 15 58 35 37 5 12 6 43 5 47 46 57 14 5
22 26 8 26 35 11 19 8 48 37 29 7 5 50 33 27 36 31 27 48 23 39 5 28 48 11 5 74 62 8 5
39 6 72 22 63 5 25 22 72 13 24 5 12 49 14 32 1 32 20 26 5 45 21 15 43 58 5 24 51 74 26
17 5 51 21 19 21 24 5 57 65 11 44 50 39 29 25 37 69 19 5 50 11 4 16 5 29 50 63 63 5 8
41 36 19 35 5 4 63 53 5 27 12 73 26 16 5 36 16 10 5 1 47 65 51 76 5 65 3 43 47 60 8
65 12 4 2 5 44 12 35 62 5 14 45 30 61 22 5 67 32 10 5 22 55 67 58 12 5 70 28 14 14 39
33 3 70 10 5 12 7 69 38 6 5 4 45 58 5 48 8 32 34 38 5 36 65 38 5 52 14 27 2 50 5
58 34 16 39 13 23 63 61 39 56 5 37 46 55 48 51 29 6 8 38 27 22 33 32 19 48 40 8 43 56 5
16 51 47 5 23 63 67 32 5 36 63 26 2 23 32 5 28 73 51 48 5 53 19 44 30 30 21 20 67 5 48
32 48 5 35 48 7 58 44 5 34 25 53 28 35 75 12 1 5 4 27 21 20 5 51 39 63 5 65 28 72 21
22 5 12 47 8 19 37 5 11 27 14 5 7 11 11 72 70 5 4 13 36 28 45 12 5 58 54 7 21 5 51
13 2 5 48 4 16 56 22 5 32 63 27 5 73 27 35 74 7 5 38 36 43 28 13 5 65 32 34 50 5 29
13 24 32 50 32 11 5 22 45 62 7 7 25 28 4 14 11 5 26 37 65 72 5 40 70 48 38 54 24 57 69
5 1 4 3 56 9 1 57 37 28 12 6 47 24 35 33 12 63 65 63 43 44 24 39 14 45 5 33 23 65 5
32 54 36 13 59 4 23 11 5 12 2 15 58 38 67 6 32 14 11 7 6 12 58 5 45 8 7 14 5 15 53
1 44 19 5 48 44 8 30 15 26 7 56 57 33 28 21 27 3 5 62 47 7 5 68 8 63 61 2 5 51 45
37 5 35 10 23 28 5 22 47 4 5 37 1 70 3 26 14 28 61 5 19 48 56 12 23 49 54 20 11 5 43
65 14 37 1 4 60 15 56 29 5 37 11 8 20 16 63 30 47 51 51 30 3 12 51 16 21 13 20 5 11 50
23 4 26 53 26 5 23 44 20 35 5 52 36 34 30 36 5 50 13 23 1 7 5 29 22 69 50 5 25 17 29
29 5 12 32 14 44 5 3 37 57 14 36 3 72 35 33 18 22 5 69 14 61 5 51 24 48 44 5 45 20 12
9 26 5 45 46 26 45 5 14 58 14 6 5 12 39 16 22 12 52 12 63 5 8 1 37 55 21 5 45 6 45
11 15 27 56 32 7 5 17 51 76 5 23 20 63 45 27 5 29 29 37 5 36 4 45 5 30 12 41 11 15 9
37 5 35 69 9 3 57 5 59 51 12 63 27 5 28 20 53 58 7 39 20 5 7 45 20 35 5 41 19 15 75
5 61 22 47 16 39 5 45 9 28 37 23 63 40 45 29 34 5 27 13 22 72 5 46 74 60 5 32 14 15 10
23 5 43 35 48 47 70 1 24 12 33 34 5 7 4 1 24 5 1 51 17 4 15 22 63 12 5 28 37 33 33
40 23 28 67 26 12 34 22 5 29 74 67 8 27 10 35 38 5 18 26 26 49 19 44 16 35 5 22 25 51 50
37 5 41 63 13 20 5 35 51 45 24 50 5 38 22 52 5 39 32 67 5 50 32 46 16 25 36 50 67 36 5
36 4 51 58 5 65 48 32 27 4 5 8 45 26 44 7 11 53 19 4 5 46 20 47 14 39 72 26 7 11 67
13 52 46 72 7 44 16 5 7 10 18 2 36 5 45 51 46 5 63 12 16 5 1 7 28 58 36 54 35 8 15
5 30 10 34 20 53 63 12 39 50 51 5 50 11 65 5 48 66 29 32 5 58 12 74 5 57 27 43 5 27 1
16 37 35 5 65 6 36 5 15 39 45 16 41 23 46 39 5 19 38 21 15 62 24 67 54 4 43 45 5 35 24
15 5 14 63 36 37 57 5 6 24 70 5 36 32 31 29 8 39 5 22 45 16 56 67 57 31 27 34 14 39 22
22 10 47 12 44 7 15 5 27 56 48 6 5 3 35 13 19 48 45 10 72 5 4 37 1 69 34 5 58 52 50
5 58 56 32 33 5 29 22 43 10 5 48 38 36 22 5 31 64 51 8 39 65 5 74 58 15 58 5 48 26 13
49 22 21 12 54 5 41 29 48 29 20 58 21 3 5 16 29 11 5 61 58 36 46 5 8 21 32 5 11 22 40
34 5 37 9 22 16 46 5 9 39 51 30 32 45 4 5 63 19 21 5 8 38 28 71 5 16 14 49 19 7 23
45 63 2 5 22 72 67 5 45 30 16 19 5 6 65 22 5 51 64 2 23 1 19 76 28 8 1 5 63 16 65
5 27 23 56 6 7 26 63 29 5 24 39 37 11 21 5 53 1 15 12 5 44 7 27 45 13 5 9 37 39 27
53 5 11 26 37 64 12 5 28 72 16 4 15 36 35 5 48 47 41 5 36 32 12 45 27 5 61 30 11 5 37
6 32 19 21 5 23 53 72 5 1 1 38 67 25 15 30 65 57 45 54 39 48 36 19 46 7 5 4 24 22 35
63 5 6 37 3 5 13 38 19 56 13 5 37 1 30 21 5 63 29 10 19 35 19 48 74 41 32 72 72 54 27
10 61 40 1 37 5 28 11 16 70 34 16 31 32 8 32 5 7 42 13 30 23 5 32 52 44 23 69 28 21 7
15 16 25 37 8 5 37 51 21 5 36 62 68 5 28 48 35 5 63 54 12 5 54 34 26 5 4 56 48 63 5
23 56 45 8 46 19 7 11 5 12 29 18 45 1 5 55 22 21 7 12 5 72 14 19 5 20 58 12 37 41 5
29 25 58 49 5 41 26 7 5 6 14 6 5 39 25 44 12 38 56 11 20 11 65 5 36 26 41 35 35 5 35
10 15 33 5 3 1 62 30 45 65 69 20 20 5 30 14 45 41 5 29 11 14 8 29 54 60 21 22 5 35 19
47 47 31 5 26 43 1 38 2 14 14 5 22 37 6 7 37 45 60 5 56 23 8 19 6 35 67 28 63 50 8
51 13 48 28 34 5 22 33 36 8 26 7 31 34 33 25 5 38 35 16 49 50 8 26 14 14 5 44 20 48 5
46 74 24 65 5 47 61 14 4 61 69 26 58 22 5 32 29 39 56 32 5 25 47 7 10 13 57 12 15 18 44
17 5 15 62 57 12 27 5 51 48 1 43 5 12 3 29 23 58 5 48 41 14 8 63 27 3 39 43 2 22 5
51 47 23 46 12 5 8 44 37 67 5 20 16 56 5 65 1 51 37 10 50 60 3 5 32 32 58 73 13 19 5
37 6 4 5 16 7 25 5 49 28 43 33 49 5 6 37 54 27 16 9 36 56 26 37 17 11 5 44 8 50 7
5 4 28 58 26 28 27 66 46 6 5 46 23 25 20 26 4 5 40 44 54 46 43 69 49 5 67 19 44 41 40
21 6 5 36 29 56 32 32 5 41 28 41 14 13 1 34 8 5 30 14 69 32 7 5 39 27 19 5 11 22 29
5 63 60 10 63 58 63 12 5 24 61 11 5 39 14 27 41 5 3 25 69 7 12 51 64 4 5 38 58 2 22
33 14 15 5 56 53 7 66 15 16 48 47 50 14 10 24 19 5 26 45 44 5 7 4 7 7 5 8 21 58 7
50 5 11 1 30 23 33 26 11 5 38 56 12 32 41 36 40 27 58 5 51 2 16 5 48 30 12 23 1 11 41
40 47 38 5 69 12 6 16 67 14 5 50 25 1 46 50 45 5 6 23 16 5 29 22 21 35 45 15 6 56 34
5 36 58 64 36 23 32 40 67 5 55 23 37 13 8 16 20 5 28 57 56 24 5 28 7 47 38 5 28 32 21
27 26 34 35 39 37 38 16 69 14 5 37 58 45 68 32 8 53 53 26 5 10 27 47 9 12 27 35 16 69 5
22 47 65 34 5 74 7 34 5 22 12 54 12 29 5 14 16 50 33 58 5 19 16 23 36 38 5 29 58 58 57
2 45 39 41 22 45 41 39 43 70 5 61 47 48 51 5 58 29 10 14 23 4 5 35 30 45 28 46 32 28 21
58 54 45 21 5 6 22 65 5 15 38 7 58 5 8 37 29 63 5 45 41 14 9 50 27 39 75 29 2 46 5
14 4 14 44 63 41 14 9 5 40 26 19 69 7 20 6 56 16 46 44 21 5 8 54 37 54 5 2 65 69 37
32 4 47 48 47 14 13 46 5 74 56 64 12 4 36 25 48 5 13 11 19 25 5 61 14 7 45 63 5 1 4
9 8 37 5 11 73 1 35 44 5 73 12 1 14 5 64 63 1 5 27 27 33 25 5 21 26 45 68 63 14 36
29 5 45 54 54 5 39 34 16 32 56 5 50 23 64 5 2 28 26 13 5 9 11 15 19 5 29 20 1 5 7
29 59 5 40 62 49 45 35 36 12 13 19 28 9 22 4 28 7 5 30 44 35 5 6 21 56 19 56 5 22 45
58 28 14 63 19 25 44 3 5 16 43 16 43 22 12 17 67 5 40 36 43 30 5 40 27 49 1 5 29 19 66
30 12 57 7 30 26 5 74 18 48 5 12 28 45 6 5 32 56 19 6 7 30 5 7 77 52 5 8 45 55 5
1 21 34 6 51 5 61 46 6 59 39 5 51 11 4 57 38 18 7 49 12 22 5 10 7 29 26 51 5 23 47
32 1 53 5 51 43 62 23 44 5 23 8 19 22 5 7 1 21 15 19 5 13 14 7 32 72 45 46 29 48 28
29 8 45 46 64 5 70 55 47 51 50 29 63 39 22 5 11 23 32 12 21 46 16 28 68 5 58 70 28 1 5
20 32 19 5 58 61 10 68 5 16 46 26 5 19 14 39 46 5 41 29 24 53 14 6 21 5 52 19 12 29 37
29 5 35 43 34 56 28 5 45 38 34 5 42 47 37 53 22 44 21 41 19 5 62 73 7 69 35 12 29 5 41
12 1 5 3 56 6 39 8 43 17 27 18 38 51 63 4 67 22 5 16 26 37 30 5 8 58 45 45 5 47 8
12 51 58 51 8 19 9 7 5 1 37 46 13 5 43 8 29 72 5 27 27 31 44 8 5 36 33 7 5 51 23
6 21 54 5 19 51 15 14 23 15 26 11 56 45 26 7 6 51 26 46 5 62 69 28 5 24 19 6 22 4 28
8 69 5 16 19 69 5 51 22 59 11 6 27 58 37 35 21 6 5 16 25 1 28 5 34 1 4 5 8 58 16
37 21 5 55 58 33 5 32 23 4 22 3 5 39 11 16 26 1 5 34 15 4 5 17 20 26 43 7 39 47 26
5 10 40 61 5 58 45 20 5 28 48 21 16 65 41 72 16 19 15 19 11 21 5 65 73 35 21 5 28 22 7
56 27 5 30 29 3 5 20 4 14 51 5 25 63 27 39 5 54 23 32 20 5 32 12 28 29 5 15 64 19 20
26 28 23 21 5 46 43 59 35 51 32 17 5 47 41 65 47 5 6 43 31 63 11 5 11 62 39 27 24 63 20
5 26 14 39 30 28 51 63 16 27 5 57 25 47 24 5 25 41 8 6 5 8 24 61 16 27 38 45 5 19 50
50 6 5 34 35 51 30 65 5 50 26 15 8 58 19 12 58 58 12 45 41 63 5 67 54 29 39 22 35 43 26
36 45 7 23 25 7 50 5 32 11 22 74 5 46 18 13 27 57 5 36 1 16 31 5 63 25 25 13 5 34 51
36 47 37 47 7 10 5 4 2 8 5 12 27 32 34 53 12 32 28 5 43 13 65 25 7 5 32 21 36 72 5
14 48 41 5 32 23 58 59 14 39 35 5 32 44 56 44 6 63 47 1 27 5 15 7 69 53 46 5 7 44 16
5 2 57 23 5 12 22 6 64 26 35 60 56 5 61 73 45 5 53 4 69 35 73 39 31 32 4 5 37 11 68
5 22 14 18 57 72 5 23 30 41 51 11 64 7 23 56 33 35 5 22 57 45 20 10 4 5 27 7 50 22 3
43 5 16 22 63 5 22 29 65 9 29 5 14 69 15 49 1 5 8 36 16 3 5 63 4 38 45 5 72 47 39
64 47 5 24 32 62 34 1 61 73 45 5 46 65 27 37 16 52 59 35 36 59 19 12 29 30 11 29 5 28 56
7 5 17 43 46 35 5 17 10 14 49 5 46 4 32 7 63 37 48 10 12 16 22 12 16 28 63 63 57 19 26
5 36 34 63 5 10 47 57 25 14 5 50 8 33 45 4 5 11 24 4 5 54 4 29 51 5 21 1 10 46 58
56 57 5 45 40 34 54 5 37 28 6 41 5 36 28 22 5 36 41 28 5 50 48 27 45 5 51 14 56 22 14
5 57 31 15 26 11 5 51 28 7 1 47 45 6 43 8 70 32 51 5 8 44 32 48 22 5 4 15 11 22 5
32 60 4 34 5 19 56 27 18 5 8 22 10 5 11 23 67 58 12 27 20 5 44 27 67 67 5 14 45 47 9
5 19 6 21 8 15 5 33 27 37 6 5 16 12 28 24 16 5 27 51 13 7 5 7 14 74 54 28 5 17 10
47 1 23 35 41 47 68 41 32 5 29 6 23 12 7 5 27 35 22 5 38 20 58 5 47 11 35 53 5 6 7
7 60 5 65 69 58 19 20 20 36 44 63 3 39 33 38 15 5 32 8 60 53 57 51 15 3 7 36 63 72 36
48 38 5 22 48 28 51 5 67 48 58 7 5 69 32 1 5 18 17 22 5 20 28 50 44 29 35 26 7 73 51
23 28 24 8 4 5 69 61 39 11 5 23 72 32 7 63 47 35 23 5 24 37 44 63 27 5 45 7 63 34 72
5 59 45 26 72 65 61 16 72 13 11 16 40 5 19 4 16 23 5 26 37 10 5 8 8 7 51 63 55 29 6
7 5 13 32 20 11 35 11 65 5 24 27 14 58 19 5 19 65 19 7 9 5 29 34 74 30 5 31 16 16 36
19 47 46 65 69 5 48 30 56 5 47 56 44 5 21 12 30 63 5 28 31 28 16 36 5 51 26 39 51 5 29
3 21 5 8 41 6 72 5 30 19 67 37 29 16 56 11 5 47 63 34 63 70 58 53 23 5 48 45 29 5 54
38 41 5 44 58 32 1 5 24 14 28 10 5 29 17 4 1 1 5 47 63 7 74 68 22 58 73 5 27 7 50
9 43 5 25 7 19 1 64 5 69 43 51 7 3 5 30 35 70 61 6 5 74 63 74 49 44 57 2 32 13 15
26 5 33 12 45 58 51 5 30 19 49 29 5 43 33 35 5 69 20 69 28 6 5 56 65 33 32 5 50 29 36
24 12 53 5 15 33 23 6 48 5 23 10 6 20 5 65 30 51 28 56 14 10 47 40 37 1 14 6 13 5 1
23 34 5 67 12 35 67 5 39 15 29 20 7 5 63 26 49 54 56 5 15 10 3 32 5 21 4 6 51 56 35
20 5 36 11 54 23 53 5 44 25 56 5 1 53 57 74 19 53 63 16 9 11 41 12 40 11 16 5 33 7 20
10 28 5 28 29 75 5 20 32 48 12 40 28 6 12 12 65 54 20 67 58 5 30 61 22 35 5 4 53 17 43
5 47 1 15 23 5 58 53 35 51 5 46 23 12 24 5 58 39 19 21 46 5 41 49 11 53 56 5 34 32 45
26 57 28 22 40 15 20 5 8 7 29 5 37 11 32 34 47 33 6 27 14 5 37 10 63 22 72 73 63 19 2
5 34 16 69 12 5 22 35 72 5 19 27 65 5 19 46 25 5 6 9 30 63 5 46 62 15 5 44 67 23 46
27 8 66 5 17 16 19 23 32 5 23 15 58 39 5 11 8 22 5 33 2 2 27 14 51 27 2 5 37 23 29
14 59 5 43 2 54 45 5 54 40 27 48 5 38 58 36 5 23 22 65 5 32 12 32 29 13 5 44 39 8 56
28 5 7 63 4 33 38 4 12 65 36 21 5 27 69 24 5 14 27 19 34 5 21 10 28 13 7 1 59 69 34
5 34 6 38 5 45 8 63 5 12 49 40 7 9 56 28 15 21 27 30 5 27 46 56 5 69 30 19 5 41 53
26 32 23 5 27 6 72 51 5 63 51 37 49 17 38 19 43 58 5 3 17 23 37 5 4 58 32 19 29 30 7
20 63 30 13 33 4 28 5 12 45 45 5 14 4 73 69 5 61 1 12 27 32 5 20 8 29 20 45 5 27 40
11 39 27 5 27 6 73 5 7 35 34 49 55 11 5 38 28 37 8 58 5 48 11 3 26 61 11 63 51 5 15
16 30 10 5 73 45 54 7 32 3 29 11 27 28 38 35 23 19 28 5 11 14 59 6 15 63 62 1 5 38 4
30 12 5 25 41 29 20 72 36 45 63 5 64 19 31 10 34 5 24 16 51 12 5 26 1 48 44 5 28 8 44
21 5 30 35 3 1 34 74 2 45 5 44 37 32 27 43 5 63 45 48 5 33 44 8 56 58 5 20 76 26 16
27 48 58 5 19 14 32 54 5 23 12 27 64 5 19 32 19 28 46 45 14 15 29 41 5 47 4 50 75 2 7
11 65 31 28 5 63 22 69 6 5 41 22 19 4 34 5 31 45 1 56 20 7 37 5 27 16 73 5 18 4 48
5 62 27 27 5 35 61 36 39 36 8 29 5 13 12 24 54 3 5 12 21 37 12 25 5 23 7 28 50 5 47
29 38 50 7 5 7 36 3 11 5 15 16 28 5 59 32 35 20 6 5 47 30 12 16 56 63 7 5 51 46 34
32 36 58 4 34 67 5 10 43 58 5 45 7 7 5 41 27 30 5 62 14 58 25 33 22 12 1 16 68 5 16
29 40 11 39 5 74 63 32 43 56 5 14 35 14 34 62 27 38 69 57 6 51 25 1 27 4 7 29 34 47 40
8 7 5 1 16 53 44 5 39 58 46 5 1 65 34 5 37 48 1 44 1 72 39 62 5 58 45 72 5 1 43
1 49 14 29 27 12 5 50 7 57 29 63 5 44 65 45 19 8 5 6 8 56 5 23 49 16 5 65 48 25 37
5 49 43 21 37 5 48 36 67 5 47 46 39 46 12 16 68 8 53 5 28 33 58 5 63 28 69 41 5 29 22
19 45 5 48 46 61 10 65 14 1 5 17 46 39 51 59 33 27 56 47 5 6 8 27 32 5 3 29 29 35 19
5 18 72 23 14 25 12 13 33 36 67 13 19 41 44 5 21 54 50 45 28 5 10 22 23 16 5 15 16 11 39
5 20 25 3 7 6 67 11 38 15 34 8 29 41 4 53 31 5 68 31 67 69 16 5 17 32 34 32 51 7 69
69 5 57 33 49 12 37 23 46 12 74 13 33 40 37 5 29 63 41 36 51 5 19 37 27 43 26 5 60 25 1
45 5 24 20 27 61 39 5 20 31 47 15 14 5 1 1 46 54 32 5 3 45 27 23 3 5 47 26 53 29 65
30 12 4 19 23 48 16 28 5 12 37 74 12 46 5 23 53 23 12 5 12 28 17 4 5 23 28 15 5 44 44
13 23 16 5 3 7 45 63 45 5 45 34 40 51 6 26 19 23 5 15 36 12 76 15 51 5 22 68 11 5 49
7 66 19 41 32 1 47 5 12 47 34 53 27 5 8 19 40 21 26 5 38 33 39 15 27 35 47 1 25 5 38
1 53 5 4 38 12 5 36 32 35 5 16 59 29 40 25 5 32 36 36 9 5 44 44 14 23 5 39 23 44 28
16 56 23 5 57 13 30 5 46 23 17 4 45 7 1 8 37 46 5 46 27 6 30 5 15 40 1 32 16 5 38
41 19 45 41 5 11 35 19 37 5 8 63 56 51 12 5 36 4 16 73 14 4 33 34 45 14 6 51 34 39 41
50 53 29 51 5 37 59 16 46 5 37 12 41 14 57 50 47 45 5 47 37 51 5 1 6 50 5 25 47 48 5
30 25 32 55 57 5 43 19 23 11 44 37 7 27 51 32 29 5 7 26 30 5 14 19 34 27 47 11 8 69 19
22 61 46 5 54 32 22 39 26 4 2 33 5 64 27 48 5 30 22 36 3 47 4 22 70 5 23 25 18 36 47
45 6 45 19 5 23 10 45 5 69 22 38 23 48 7 53 63 45 65 28 56 25 6 74 27 5 36 55 26 56 27
5 11 53 53 56 11 5 53 17 16 7 72 65 5 11 19 19 26 62 5 53 14 63 5 40 58 31 5 28 48 53
61 28 5 22 6 13 5 7 32 14 5 43 13 61 9 15 50 20 20 26 5 58 33 33 24 5 36 44 29 5 43
23 32 41 5 30 41 24 10 49 56 51 5 47 18 29 41 7 5 40 47 28 45 5 22 7 74 5 26 53 11 7
38 16 9 33 34 1 49 68 35 45 5 23 12 61 7 5 49 38 25 51 5 23 12 12 36 65 16 16 1 18 63
19 16 48 58 40 9 5 35 50 11 1 54 5 3 19 26 19 5 45 31 10 5 16 58 46 5 6 56 55 72 61
5 51 27 54 48 53 65 5 29 23 32 32 33 22 51 66 5 16 27 12 5 6 27 41 1 39 5 63 41 36 24
45 27 5 4 63 33 30 21 20 8 36 38 7 67 23 28 36 69 25 62 5 7 27 46 75 33 5 47 32 4 19
67 5 55 34 64 54 38 40 24 12 58 22 5 22 44 2 8 26 2 16 33 15 5 45 15 28 26 48 32 44 15
5 54 63 22 30 27 36 16 36 74 23 26 7 5 33 74 34 5 40 20 8 5 22 11 37 23 5 6 16 13 4
23 5 41 77 33 14 57 49 67 46 5 33 27 22 55 5 11 14 22 7 30 35 47 11 67 5 46 8 63 7 5
69 35 1 14 5 30 9 62 29 5 27 10 9 5 17 36 48 14 16 62 26 4 28 31 5 19 53 61 44 43 10
19 29 37 14 33 5 19 63 12 20 26 54 37 12 26 45 32 31 6 19 63 14 5 1 16 37 12 33 31 20 5
21 67 11 8 5 12 61 30 72 65 5 15 27 33 2 5 66 27 41 5 61 67 4 2 5 26 19 15 1 16 13
5 4 11 46 51 34 5 48 32 9 26 45 5 12 2 58 39 5 8 12 14 5 40 8 11 30 23 5 4 37 43
22 5 25 39 51 5 29 51 33 58 63 14 23 1 43 5 3 48 41 70 30 5 44 31 45 56 5 66 58 56 34
43 72 5 49 56 32 36 22 5 26 19 7 35 65 5 25 29 19 5 28 24 36 55 36 5 9 6 10 31 5 27
28 52 5 14 43 13 41 5 39 48 29 67 25 16 4 20 5 48 27 3 32 42 45 11 61 29 61 30 50 5 41
49 27 1 23 12 20 8 57 19 29 5 12 2 69 44 36 56 45 67 53 27 51 8 5 45 63 63 5 41 1 7
21 32 21 32 19 45 37 65 5 35 63 47 12 5 7 48 28 72 1 5 22 54 28 5 72 6 7 5 46 58 7
21 48 54 51 26 20 5 67 60 16 39 44 5 13 27 69 5 23 26 8 72 5 34 25 29 72 5 63 26 14 45
5 44 27 23 44 8 5 38 1 8 5 35 57 41 46 35 4 36 32 5 4 24 65 26 5 21 58 13 36 40 67
63 43 5 2 23 31 5 16 11 14 6 5 41 7 1 41 5 38 53 56 21 5 21 69 11 14 11 28 11 47 8
5 28 28 21 36 63 5 48 58 3 33 28 5 12 27 28 31 5 12 51 34 1 5 36 14 27 48 5 8 23 75
14 29 5 30 64 8 6 38 37 19 5 8 23 14 4 5 12 41 37 17 69 73 44 52 5 7 64 37 4 5 53
19 32 23 21 5 32 23 22 25 28 12 40 23 1 5 26 30 8 41 29 58 69 63 63 62 2 32 5 27 74 34
21 5 29 50 39 65 5 44 29 66 27 14 5 73 16 39 65 69 5 12 32 35 6 5 43 16 37 15 49 22 55
7 27 61 51 34 47 5 39 8 27 9 46 27 8 73 69 14 32 56 5 56 40 1 40 5 51 37 3 63 5 39
8 37 2 44 5 1 30 54 38 5 9 26 35 14 63 12 74 67 5 19 43 46 65 23 5 37 37 62 72 5 35
4 30 5 48 14 15 5 34 35 21 33 69 5 21 54 63 20 28 5 12 32 7 58 11 55 52 63 45 14 59 45
5 65 28 10 58 5 28 14 65 8 5 38 4 67 5 11 24 26 5 45 12 32 53 5 53 48 38 5 17 11 63
15 40 5 20 44 3 27 19 46 7 5 22 35 44 5 41 53 67 5 39 55 30 27 5 9 49 16 5 6 52 20
16 26 7 73 57 5 37 11 51 7 65 5 45 23 14 33 49 5 62 29 15 34 5 9 38 54 61 38 46 50 20
8 58 31 26 19 11 16 32 40 56 56 14 59 12 5 45 38 22 5 29 14 38 51 5 43 9 2 48 5 1 45
41 37 32 5 35 8 7 46 19 5 47 55 45 28 7 27 31 20 5 43 39 14 19 57 43 29 28 33 5 40 21
38 30 51 5 7 40 48 13 21 23 35 5 22 14 15 29 41 5 45 27 27 5 2 10 36 29 46 50 12 5 46
50 17 5 60 6 30 58 70 53 44 51 5 37 45 49 67 76 5 16 7 51 61 21 60 52 5 47 47 18 5 33
4 26 5 27 11 26 16 64 5 45 1 32 21 27 41 12 12 25 72 5 7 14 32 14 16 34 67 11 46 36 20
5 23 61 22 14 5 50 36 12 5 11 7 23 32 5 50 30 10 48 5 14 22 21 45 6 12 45 5 43 20 45
5 56 24 27 5 48 6 64 50 39 47 5 35 1 28 3 5 48 27 50 49 58 5 38 43 11 64 43 8 72 23
72 31 61 61 28 5 46 22 7 51 5 21 32 19 72 5 1 57 49 11 5 30 69 41 16 5 39 58 62 22 26
5 24 38 32 21 5 29 6 57 1 11 5 8 7 20 7 26 25 44 56 5 1 18 13 35 5 62 46 33 60 52
5 26 39 39 5 29 11 27 8 19 5 32 54 28 72 27 5 47 11 32 37 5 58 14 48 33 67 73 39 40 63
40 24 46 59 12 22 8 63 5 27 4 11 49 39 54 14 26 36 5 58 51 46 69 15 5 14 53 29 5 50 15
8 16 19 29 13 8 14 58 33 8 16 58 73 48 5 19 1 6 5 50 27 15 38 45 50 16 46 41 5 56 53
58 12 31 62 16 75 39 11 37 65 32 25 1 46 56 5 12 19 4 28 63 5 41 34 32 62 5 73 45 22 5
27 48 1 27 37 20 38 61 26 74 12 5 69 1 1 5 27 20 67 6 36 5 58 15 34 22 39 21 18 64 5
55 20 39 36 48 63 58 45 51 22 36 5 73 3 49 17 12 5 2 26 7 5 31 22 45 5 41 52 38 24 5
7 1 37 45 32 5 35 28 14 13 31 35 15 53 27 15 5 30 56 7 23 65 45 45 36 20 5 43 34 4 51
67 32 5 28 29 11 37 5 46 22 20 53 5 67 45 50 38 29 13 25 32 37 5 26 12 7 1 5 9 8 33
12 45 5 10 40 28 15 5 44 47 25 33 5 67 57 34 35 40 5 6 67 72 5 31 21 1 72 33 1 8 32
5 6 50 36 61 41 5 46 45 6 29 5 18 28 45 26 59 26 14 3 56 5 29 36 35 45 9 5 24 18 26
12 13 18 35 3 3 1 58 21 5 36 65 16 41 5 19 34 46 31 5 7 2 48 11 5 10 53 26 16 20 5
51 34 18 37 9 24 4 58 16 58 5 29 67 62 47 15 51 1 45 47 53 56 61 5 22 29 64 27 5 45 43
41 56 10 7 53 33 35 5 15 16 58 31 57 5 57 13 1 5 11 15 39 29 5 34 49 50 5 21 37 10 7
56 30 63 8 5 29 56 27 6 5 23 21 29 59 25 46 16 7 13 5 48 65 48 5 64 7 11 5 24 51 11
5 64 34 4 56 41 5 8 40 47 19 5 39 2 65 3 1 5 16 22 38 30 14 50 12 5 31 36 63 56 48
45 43 16 31 23 41 4 5 47 29 12 14 16 5 72 7 47 5 37 22 8 29 28 5 22 46 37 50 31 69 2
22 5 73 18 58 5 22 10 41 5 38 7 4 23 68 5 44 40 14 5 27 16 48 4 26 5 12 14 28 10 45
72 57 5 1 22 3 5 43 25 14 65 38 22 30 63 38 11 40 14 9 5 14 36 74 15 5 26 61 19 32 57
5 1 19 45 49 5 56 38 40 5 20 37 62 3 58 29 68 54 22 3 4 57 56 48 25 1 69 62 65 5 3
53 67 3 5 20 16 38 5 59 41 27 5 63 70 32 35 56 29 39 2 5 22 21 73 19 43 5 8 19 9 21
35 25 38 57 36 5 50 72 30 8 64 5 34 45 16 52 22 5 14 40 16 5 36 65 19 16 7 5 19 21 14
7 11 5 32 31 39 5 57 37 10 8 4 5 4 7 69 45 23 16 3 14 51 24 5 34 23 25 21 16 5 73
6 6 5 39 32 63 7 29 5 6 27 15 40 5 1 34 63 40 45 37 46 5 6 43 69 53 5 36 46 6 61
53 43 27 5 29 50 7 12 63 5 7 45 14 31 45 5 1 21 20 35 6 23 12 5 3 16 30 27 67 5 19
34 61 43 57 34 36 38 16 5 29 25 36 5 48 28 63 12 5 56 74 10 40 27 5 58 33 9 4 5 48 41
20 6 8 30 76 5 4 54 45 32 5 6 15 69 21 5 28 25 48 5 72 38 48 58 19 5 63 63 7 70 38
63 31 36 21 22 11 21 32 54 1 35 33 59 49 32 8 5 45 33 23 5 22 8 53 33 5 21 65 11 64 12
5 36 23 62 11 5 16 46 28 6 37 7 5 12 27 16 10 5 24 29 63 9 5 36 28 51 36 32 5 24 1
56 45 5 58 19 26 29 18 39 13 7 5 1 3 58 9 5 45 27 65 20 36 5 74 72 33 5 28 63 29 4
56 5 34 73 19 49 1 5 35 12 51 48 16 5 47 35 45 5 21 23 44 12 14 13 45 6 28 5 13 23 48
5 12 8 4 28 5 37 58 28 32 5 8 69 19 72 62 35 26 5 3 31 47 29 27 5 6 21 29 5 70 51
61 5 32 20 11 32 67 39 43 5 14 12 36 15 5 19 54 47 34 22 32 20 41 58 19 26 43 11 5 59 34
44 13 16 34 50 72 6 48 5 4 50 57 57 19 5 63 27 2 36 46 5 34 37 25 5 47 7 9 58 23 5
59 27 15 39 53 5 14 20 9 30 37 30 38 1 66 4 55 22 5 76 7 1 29 17 5 55 24 35 61 14 5
46 14 48 5 67 30 37 5 58 9 51 67 56 36 56 64 43 10 15 39 8 69 54 28 1 5 1 20 47 58 5
16 61 12 30 5 37 4 37 25 51 6 8 45 69 5 48 41 38 14 56 12 65 44 6 28 5 12 28 58 20 43
24 19 23 26 5 56 39 4 5 46 6 24 5 35 38 28 5 74 38 23 63 5 16 16 49 58 31 47 44 5 28
27 65 5 14 14 21 5 22 23 49 5 48 36 24 5 61 20 56 5 74 32 11 58 11 23 4 63 5 34 1 50
5 16 23 65 16 10 33 27 6 5 9 74 11 48 5 64 45 53 45 5 12 38 15 39 10 55 50 8 5 8 22
23 15 5 61 36 27 5 67 20 17 5 10 75 48 48 5 16 7 15 22 69 65 6 7 5 26 6 51 20 69 30
50 8 45 8 58 28 72 5 46 72 44 5 48 37 4 69 63 18 23 33 5 34 69 32 11 5 11 11 73 27 5
32 39 36 43 5 1 6 2 5 53 54 63 65 26 5 63 9 45 45 53 11 72 1 1 41 27 7 25 5 22 11
53 8 5 6 59 14 5 33 15 10 63 41 37 45 14 19 64 39 31 21 57 2 31 56 26 13 20 30 10 47 62
58 5 21 72 62 5 20 19 14 31 51 5 45 33 20 5 16 33 4 46 5 22 35 11 5 32 67 43 20 51 51
17 1 48 34 5 1 43 69 39 58 5 48 23 58 70 5 72 22 1 5 37 14 28 16 65 5 76 12 25 2 33
66 50 47 4 5 51 20 30 5 38 36 37 37 71 3 5 19 22 7 22 26 5 54 22 10 3 56 69 63 27 54
5 39 12 50 8 34 5 4 27 20 5 57 21 32 43 5 39 12 39 5 32 14 36 5 58 11 29 33 5 20 56
58 32 20 45 45 63 8 36 5 14 51 47 28 5 61 37 27 29 64 19 5 21 35 28 5 1 72 26 65 12 49
28 16 5 51 74 11 3 5 19 30 23 5 46 6 13 41 11 10 18 23 36 42 5 7 22 72 41 5 61 45 39
57 1 5 41 18 56 49 9 5 32 10 8 28 19 5 14 15 69 49 41 14 29 5 12 23 25 33 11 5 37 39
32 11 5 33 37 14 33 5 6 12 9 48 5 7 18 39 59 11 35 46 5 33 48 8 5 44 21 43 61 16 39
36 69 12 5 48 2 28 14 12 8 13 38 4 47 5 28 74 22 17 22 43 21 50 5 48 13 23 5 23 10 22
45 11 32 27 36 31 38 69 37 22 5 46 29 74 73 5 14 60 47 29 19 5 14 11 19 5 39 14 69 53 7
5 31 58 46 5 19 3 1 14 8 8 29 22 8 5 44 12 28 5 47 64 61 1 5 14 32 72 49 5 36 61
16 34 52 35 63 74 27 7 6 15 38 16 15 5 27 23 1 49 33 5 41 73 15 26 6 68 63 69 26 74 5
4 36 14 5 41 7 33 37 22 38 5 45 23 4 39 50 5 23 73 65 14 5 32 7 63 56 28 10 20 46 5
77 51 29 16 5 41 32 37 73 33 5 34 22 63 41 36 5 15 32 29 21 5 31 63 16 5 65 27 9 27 10
53 16 48 10 47 69 12 27 9 58 46 20 47 5 33 39 28 32 5 19 34 32 5 55 20 19 6 5 27 73 27
6 11 5 4 22 13 45 12 5 29 12 33 56 63 63 33 30 5 24 12 65 5 45 20 27 28 5 7 20 15 26
5 16 65 11 36 58 16 15 4 19 31 28 7 65 11 5 29 48 56 38 5 55 63 1 5 6 3 38 53 39 5
27 27 41 34 28 5 33 58 14 57 13 28 23 5 32 7 21 47 5 37 47 8 35 5 37 65 36 4 27 57 44
2 37 5 7 51 73 44 59 58 69 29 47 41 47 5 16 29 74 33 5 20 45 59 57 5 22 44 29 14 1 5
32 26 8 13 73 17 5 46 6 36 63 5 19 32 29 5 9 27 43 72 5 77 21 23 16 4 5 6 58 29 23
6 5 44 34 36 8 63 51 12 70 51 7 7 47 51 26 29 43 45 5 47 6 61 65 5 12 22 15 22 35 5
8 19 4 5 35 32 29 5 63 14 67 38 15 58 30 28 14 53 1 55 11 34 5 32 46 62 5 16 23 16 5
63 37 11 5 21 52 50 15 15 5 11 21 45 43 19 6 22 63 67 5 23 3 23 43 5 3 3 11 41 5 50
37 22 26 30 5 39 7 53 25 37 40 10 5 51 29 32 9 5 14 25 14 10 11 5 34 53 36 45 30 39 28
39 7 5 50 8 20 5 35 27 25 22 21 30 38 18 39 16 73 4 5 28 33 17 19 62 5 1 27 15 6 27
5 58 34 20 67 69 23 27 29 47 49 18 45 33 5 23 65 48 62 12 5 34 22 63 57 5 14 6 30 5 14
23 46 4 5 23 6 22 55 62 5 49 22 59 16 48 5 35 53 16 24 67 16 30 5 8 36 31 30 60 32 30
13 32 5 29 16 57 4 59 23 7 26 32 8 1 5 19 67 17 39 27 5 32 16 10 20 51 5 29 63 53 16
4 5 35 10 37 23 5 29 35 19 16 5 23 68 50 50 5 2 58 28 16 29 10 46 36 12 28 11 51 16 5
37 47 59 22 5 25 14 16 2 14 5 8 26 36 72 4 5 7 26 28 23 51 5 63 37 45 43 1 5 15 28
58 16 52 27 3 17 15 5 7 30 27 5 33 26 40 45 5 54 72 32 2 5 2 37 73 45 5 25 40 11 45
43 29 18 21 5 39 51 23 32 5 4 35 33 11 39 5 23 41 3 58 22 5 1 4 31 35 19 3 25 16 5
19 63 14 5 28 41 45 6 5 8 43 43 5 73 46 12 36 62 46 48 22 5 74 29 10 37 68 35 37 5 14
39 32 2 15 8 36 23 16 23 4 38 43 5 39 58 29 22 12 5 37 21 17 14 49 11 1 11 35 5 27 63
53 5 4 36 29 76 13 7 14 1 23 39 7 10 11 5 26 37 47 5 59 8 26 23 16 44 14 16 36 5 72
6 38 27 72 50 62 34 1 5 26 14 54 7 5 36 25 16 5 14 12 60 7 12 22 5 25 14 13 7 5 20
56 37 57 22 5 20 51 40 74 12 76 41 13 5 13 73 16 20 45 53 41 7 51 63 27 5 72 20 44 37 5
22 2 62 45 15 26 37 14 4 53 5 7 31 11 5 1 39 63 22 46 23 33 5 7 40 23 41 16 5 57 8
11 21 26 13 36 32 45 5 29 74 26 5 36 7 59 12 27 63 35 29 15 5 14 16 3 19 5 27 47 33 5
69 6 21 3 5 3 33 3 5 58 12 12 15 27 47 16 56 43 5 51 21 27 26 15 7 11 14 21 5 19 56
10 20 27 50 18 23 19 5 20 23 63 5 66 45 4 26 5 47 38 32 28 40 5 23 35 50 5 61 12 11 5
38 28 43 12 38 1 62 59 27 23 45 5 27 35 31 5 10 67 58 8 5 46 37 43 5 16 12 28 5 21 28
67 58 38 67 23 32 5 57 34 16 62 5 32 12 33 31 29 4 1 46 5 32 7 28 5 48 63 10 15 19 62
19 6 6 5 27 16 23 4 37 61 63 5 77 26 51 5 22 58 62 4 5 52 12 37 7 5 69 13 26 3 46
16 45 47 16 22 34 11 5 21 33 32 14 5 23 54 27 10 5 4 69 49 49 6 5 1 30 72 11 11 5 15
47 7 1 5 28 51 41 5 14 44 33 56 64 5 51 67 4 1 45 24 39 12 4 45 58 27 5 3 26 46 67
44 5 13 26 22 5 44 8 56 5 51 8 15 19 5 35 44 11 4 5 14 34 12 46 5 48 33 36 39 5 37
47 36 8 29 42 30 8 51 6 12 57 7 20 15 58 39 5 11 4 43 5 69 13 35 5 27 45 3 6 20 5
47 59 36 7 39 16 37 57 5 23 73 1 5 36 12 35 7 67 5 63 19 36 5 51 60 15 21 5 14 13 26
35 13 5 13 29 20 52 53 5 20 63 63 69 39 5 73 39 28 2 28 45 40 41 16 5 28 29 39 21 5 11
46 48 13 30 51 22 5 61 26 65 32 45 5 10 25 67 7 5 6 46 39 67 19 5 26 36 18 39 5 57 38
14 25 38 56 8 19 47 14 36 54 14 5 51 34 15 27 51 53 10 5 26 37 12 67 43 5 18 48 30 27 5
45 63 30 41 5 32 23 43 45 5 17 23 17 34 5 27 4 72 41 5 2 39 46 12 48 4 13 23 32 41 4
5 69 49 65 72 8 61 32 33 5 19 1 19 57 5 22 14 28 13 56 58 44 19 30 14 53 23 48 5 18 36
16 5 47 59 44 4 26 5 33 45 56 74 31 74 11 26 2 5 7 7 41 5 10 6 22 16 5 28 61 21 4
64 29 26 50 6 60 51 5 32 20 44 45 35 65 6 33 5 38 61 3 10 25 63 65 40 5 10 13 29 36 34
6 54 27 8 37 5 22 50 39 5 46 17 9 33 5 38 16 56 63 37 52 11 5 63 29 58 58 19 5 30 33
51 16 41 5 35 26 56 74 5 11 69 47 6 12 19 59 15 30 5 35 15 65 33 30 5 16 22 24 24 5 41
60 30 63 5 6 56 19 4 5 63 50 29 12 1 5 15 28 19 5 12 7 56 28 7 5 25 67 18 54 4 47
51 31 29 36 5 52 33 27 34 5 52 21 43 7 5 3 7 48 5 69 26 33 7 12 5 17 39 25 9 16 48
65 56 57 49 6 28 5 35 41 45 1 37 48 14 5 15 15 16 45 5 15 22 41 5 1 35 58 53 5 67 35
18 46 5 58 24 52 23 51 58 3 5 25 36 12 5 16 9 32 69 19 5 12 7 9 37 9 4 26 5 1 20
43 67 19 58 41 5 2 45 26 35 5 12 43 28 70 5 61 41 6 5 19 33 6 57 65 5 56 53 50 3 5
13 12 48 43 23 5 32 16 14 37 36 14 45 73 1 35 8 33 5 63 14 30 27 1 10 69 37 23 44 5 20
4 35 5 1 48 21 11 27 3 52 39 19 62 45 3 5 50 7 69 60 36 41 29 46 32 44 2 63 39 40 5
37 36 51 14 27 39 58 22 63 72 19 12 36 50 44 31 3 18 5 62 37 27 5 53 22 61 41 30 5 25 20
21 69 5 41 50 56 32 15 5 16 11 60 1 5 56 30 68 27 22 22 55 5 7 50 39 16 29 5 24 41 39
5 22 57 69 11 5 63 16 70 5 22 50 14 50 5 29 40 61 56 43 5 11 16 11 63 6 5 29 21 3 14
6 23 7 67 5 12 23 67 5 43 7 7 12 5 6 31 64 7 62 39 33 34 27 5 50 6 14 20 63 69 43
6 74 5 39 63 14 51 39 35 7 3 26 26 28 3 32 5 48 4 44 5 54 2 12 76 37 5 33 3 13 7
11 56 70 59 6 34 17 15 35 38 46 28 31 1 32 4 23 5 45 45 1 65 31 61 39 27 26 5 1 11 11
5 6 49 60 6 5 31 19 22 5 61 29 23 5 8 51 2 4 14 50 39 5 38 16 32 5 47 38 34 58 19
26 50 32 44 63 41 7 72 21 5 50 1 28 5 51 17 59 43 58 5 16 32 38 5 15 6 7 5 6 27 34
35 24 23 3 39 8 5 16 23 15 5 32 35 23 65 19 8 44 51 72 17 50 23 3 65 41 5 16 73 58 15
47 5 62 33 58 49 56 5 8 39 44 34 5 34 30 39 5 7 41 26 6 40 5 29 56 13 38 43 31 22 7
5 34 21 59 55 35 5 26 19 26 24 5 25 46 55 1 5 2 48 18 5 32 14 23 23 28 5 29 8 51 51
1 31 4 5 57 25 56 5 27 28 2 2 14 37 10 15 7 32 7 13 31 5 1 1 1 58 36 22 20 26 51
13 22 7 27 31 72 62 48 5 47 34 15 56 43 15 5 15 48 13 41 5 40 36 57 5 75 28 56 25 38 5
73 45 26 73 11 5 44 37 48 58 34 5 19 40 53 27 45 53 32 3 23 51 41 63 62 32 5 56 59 16 25
5 26 34 12 46 4 5 32 15 22 35 35 5 33 15 13 32 36 5 22 46 62 20 8 5 14 37 26 34 5 45
22 27 69 56 33 9 48 5 52 21 51 27 5 31 28 60 19 61 5 6 23 36 5 23 6 53 57 7 56 67 39
5 14 37 33 14 45 5 34 12 41 49 13 46 52 69 29 24 4 6 28 23 44 14 9 5 63 4 40 56 5 20
25 10 16 40 5 69 51 17 5 7 34 28 50 41 19 46 2 19 7 5 36 46 67 58 61 16 16 6 5 58 33
33 14 5 8 25 44 44 5 46 3 22 43 44 1 10 9 35 5 34 34 33 35 72 5 38 40 27 14 20 1 4
4 57 5 16 37 19 4 26 5 29 20 32 2 5 22 19 15 21 5 22 19 7 62 22 13 8 28 5 26 14 12
5 67 6 6 5 1 34 1 61 28 41 19 24 46 4 68 24 30 5 1 58 67 51 12 5 31 14 32 36 44 5
14 32 73 5 20 11 33 9 17 65 45 15 5 1 13 56 35 45 66 35 74 48 5 51 65 19 50 25 5 20 41
76 3 28 5 27 15 39 22 5 50 56 36 5 19 1 52 11 6 5 20 27 27 8 48 25 57 17 27 28 5 6
27 47 36 12 48 41 30 21 63 37 25 51 5 4 34 15 19 32 3 32 28 29 39 12 14 5 48 44 43 39 5
16 13 19 23 5 29 15 29 30 5 25 17 17 63 69 23 43 52 36 68 35 16 5 28 35 39 46 5 59 64 72
14 36 5 8 37 29 6 5 35 39 51 5 36 69 10 5 35 72 1 23 7 30 14 32 61 37 30 5 54 75 8
5 14 32 33 67 5 40 2 18 14 5 21 35 30 48 63 5 63 46 27 43 34 9 28 38 24 5 36 4 51 34
5 43 12 46 3 26 5 20 30 65 37 35 5 45 37 26 53 45 4 5 40 13 4 44 56 5 23 12 40 45 32
35 72 41 50 31 56 38 29 45 5 37 61 3 5 28 53 69 5 11 62 39 20 51 5 19 39 53 40 5 35 8
23 5 35 51 67 58 13 5 19 44 44 37 29 21 7 5 28 35 37 44 19 63 11 5 1 45 72 5 61 69 37
5 4 46 60 8 12 16 8 5 3 23 36 29 5 29 34 69 32 5 6 1 24 5 15 38 73 73 16 5 14 10
13 61 38 5 6 1 27 5 36 58 7 7 62 35 26 15 51 62 49 47 16 5 13 67 7 5 38 61 63 53 35
35 6 6 5 14 34 31 7 5 48 28 44 45 21 14 15 5 28 67 69 4 7 5 35 7 36 20 53 41 13 50
7 44 4 53 47 5 29 36 7 47 31 5 37 39 63 12 5 51 22 19 46 5 32 31 41 5 22 44 63 5 61
11 38 5 30 16 19 39 5 15 7 30 6 36 77 28 45 13 16 23 22 5 73 39 6 60 35 5 45 27 63 5
37 28 7 11 2 59 25 5 19 26 4 6 61 16 3 4 19 54 8 5 62 24 14 5 67 27 22 11 5 59 1
34 22 24 5 49 3 73 5 46 49 47 5 23 59 58 30 69 34 61 53 5 40 14 29 16 39 5 2 67 6 46
39 23 8 12 72 5 11 8 14 5 38 37 32 13 4 5 32 8 28 61 43 5 58 62 14 25 35 5 47 10 2
33 27 7 63 22 54 5 21 7 6 39 5 28 11 48 48 39 5 22 51 56 5 31 34 27 13 5 50 2 16 36
30 36 7 16 5 8 27 63 21 5 38 51 29 4 5 39 25 32 63 5 38 44 45 29 24 41 45 23 9 5 26
12 1 6 5 38 22 3 22 13 5 38 39 16 20 14 30 62 16 13 11 16 32 11 65 5 62 1 7 2 5 16
35 29 5 43 66 40 5 50 72 16 5 39 52 40 19 36 60 3 5 16 23 57 5 32 18 28 65 16 34 68 5
50 59 10 27 56 46 62 46 7 5 27 69 43 3 14 12 37 10 16 50 23 51 24 32 1 45 20 3 16 37 5
36 16 19 8 5 29 37 58 34 5 21 65 21 56 44 5 10 12 30 45 4 5 6 30 34 5 30 61 37 23 15
51 26 43 20 5 6 63 16 5 30 29 18 36 8 69 28 29 5 16 36 35 22 1 5 36 36 53 1 23 5 33
29 29 5 11 16 43 5 23 28 49 57 8 32 63 5 46 7 37 54 21 6 29 16 5 51 14 35 8 3 50 47
27 4 12 61 38 3 7 72 63 11 19 56 15 65 2 5 64 31 12 33 5 36 19 7 35 5 67 6 72 23 5
32 48 14 38 47 5 12 45 26 50 16 27 65 38 38 41 28 46 5 11 19 12 26 23 5 31 25 22 48 56 5
16 58 19 29 41 5 17 65 67 33 35 5 45 23 6 67 45 38 22 5 32 70 48 3 46 5 10 62 4 32 47
54 18 24 16 14 35 39 5 28 51 11 5 14 44 27 38 5 47 26 35 5 29 29 28 5 41 13 16 33 5 38
36 58 5 47 47 46 62 19 27 16 5 29 22 45 32 40 5 37 36 39 5 4 7 37 1 5 33 65 48 51 23
5 36 28 19 62 5 35 25 12 5 24 48 8 36 46 69 39 51 37 5 22 23 11 58 5 29 35 34 32 60 24
53 18 5 14 12 15 59 5 11 31 4 5 26 1 24 43 50 5 12 25 73 74 53 1 6 54 5 19 74 29 5
25 11 6 8 5 29 46 13 7 26 20 71 43 58 45 5 53 16 39 32 5 25 25 30 44 6 27 14 5 14 56
8 37 40 5 42 24 49 5 57 8 23 20 5 30 38 39 5 26 29 21 8 10 5 19 7 20 47 19 5 22 14
36 37 45 35 36 19 32 55 28 54 8 16 44 12 5 8 12 16 20 32 6 72 57 23 36 53 38 5 27 4 26
10 6 5 14 1 14 51 5 43 51 8 22 5 13 52 44 32 27 23 36 60 51 5 40 58 28 61 26 58 39 12
32 5 7 23 45 5 36 7 4 14 5 7 67 45 28 54 36 41 33 7 51 38 63 5 45 43 44 44 5 39 3
51 13 23 5 63 16 51 28 58 5 56 1 27 14 5 20 25 43 5 3 8 28 51 16 63 30 11 8 29 5 36
53 64 60 5 29 26 12 13 5 54 31 46 32 45 46 16 39 4 4 41 15 12 5 4 1 43 27 29 5 15 56
9 65 21 38 47 72 6 8 37 20 32 9 69 27 43 23 46 7 37 58 25 2 36 5 72 56 23 5 56 28 19
35 63 5 11 63 23 51 14 22 67 77 13 46 26 61 73 27 59 35 53 70 39 5 69 59 54 5 23 41 27 51
44 5 60 51 35 16 43 19 58 1 5 72 37 59 5 1 55 4 11 43 19 28 5 50 13 56 39 8 19 20 41
56 5 6 62 15 48 5 72 38 61 23 6 5 7 6 21 5 23 23 34 13 41 5 32 11 27 5 19 61 31 39
23 23 6 14 32 26 39 8 5 15 11 16 4 7 57 14 8 54 13 32 5 38 46 37 20 27 5 24 10 56 1
5 74 58 44 5 27 44 41 46 19 11 34 23 19 16 37 58 5 6 24 4 58 58 65 10 35 48 5 6 37 23
53 5 7 45 31 22 39 5 16 8 46 2 5 32 23 52 14 5 33 56 4 39 6 29 48 32 44 40 16 27 3
5 37 21 48 48 36 8 33 34 43 11 5 11 36 25 5 23 22 14 61 10 5 23 46 35 47 5 6 23 10 58
6 16 15 16 5 45 22 63 27 46 1 5 30 6 16 45 69 12 65 5 14 29 29 5 35 29 13 73 12 56 17
51 32 29 8 51 13 55 14 5 51 12 58 6 19 36 69 5 55 26 30 38 5 16 61 63 29 17 32 53 51 5
37 35 6 57 5 23 31 48 27 53 5 32 12 39 39 5 2 10 14 5 24 13 4 34 5 1 34 19 11 31 1
21 8 24 39 32 33 5 45 28 39 14 67 5 8 51 63 12 50 56 69 7 12 27 35 45 61 7 14 7 5 33
58 44 32 5 33 24 73 31 5 61 71 53 47 5 25 60 27 8 5 29 19 45 5 58 32 16 5 59 17 38 38
5 7 51 38 20 10 29 31 10 40 7 21 23 11 8 36 5 51 14 35 5 41 12 22 10 28 73 1 26 21 5
6 6 73 27 5 4 26 46 55 5 50 34 11 56 37 13 4 23 5 44 44 21 5 31 29 37 20 32 41 16 21
5 12 57 15 59 5 38 22 7 12 59 6 16 41 32 12 39 40 64 53 40 5 32 24 22 30 5 8 35 46 5
19 31 11 72 27 5 38 29 4 5 38 32 16 35 5 6 14 28 2 41 5 20 6 8 61 8 5 36 50 36 37
6 12 5 46 45 69 44 36 51 14 5 22 4 18 53 23 12 20 5 11 51 8 4 10 12 51 8 5 22 59 45
5 51 11 51 30 5 19 58 69 14 5 56 13 2 7 12 5 54 21 19 48 63 43 1 10 15 5 16 20 57 43
5 6 10 26 1 19 19 46 33 16 5 58 36 11 30 35 5 47 40 8 7 11 14 7 48 26 32 19 29 36 5
14 44 56 61 19 12 14 3 5 65 65 21 28 58 46 33 58 51 32 27 29 3 5 6 47 14 6 74 5 61 58
23 14 5 29 25 45 1 8 14 18 47 34 65 22 16 26 9 31 7 45 27 37 34 28 5 69 72 8 5 34 61
57 10 51 5 17 30 27 5 10 72 40 29 10 33 23 61 55 5 27 27 19 16 5 3 50 27 58 37 5 8 35
44 5 28 32 23 58 35 5 30 32 14 14 39 43 34 5 16 21 13 19 20 22 5 21 56 58 14 5 38 7 32
26 58 5 63 27 7 21 5 27 35 28 5 3 3 39 5 36 12 7 38 64 5 3 52 12 5 72 64 49 63 11
1 33 18 5 26 24 35 19 12 5 7 25 22 32 12 58 7 5 8 61 44 32 3 27 14 35 58 65 7 28 3
23 12 9 7 5 34 12 46 27 5 51 63 12 35 19 15 4 14 17 65 41 5 49 63 41 6 5 57 8 45 35
46 5 35 39 3 5 25 20 66 5 12 43 4 74 21 14 8 14 38 20 58 63 31 35 53 5 37 16 6 5 12
32 35 37 27 32 11 9 29 6 50 47 43 14 72 5 37 37 13 57 16 51 15 7 5 27 7 26 12 7 26 52
5 58 37 11 12 28 5 23 11 26 27 31 23 54 5 9 47 21 5 27 56 13 58 5 34 40 16 5 57 39 35
45 5 8 39 45 5 25 47 1 26 23 28 19 14 45 5 19 36 61 5 41 39 36 8 10 67 45 45 35 26 53
1 32 8 32 1 28 65 5 50 36 26 24 4 5 58 11 6 41 5 63 21 31 54 5 41 62 21 46 20 67 6
41 5 12 14 7 7 13 5 54 2 31 31 11 56 25 38 5 52 36 6 5 21 6 19 44 27 5 44 25 38 5
33 16 22 38 5 36 26 12 15 47 61 45 69 11 65 33 5 12 10 35 67 5 72 27 19 44 41 39 62 27 5
46 16 6 29 50 60 11 10 32 5 21 12 3 5 1 24 16 23 50 5 9 64 34 5 4 25 7 5 56 65 26
27 57 26 40 4 48 5 21 14 8 7 39 5 6 14 8 41 5 45 24 50 5 45 27 16 5 32 21 61 14 18
68 6 5 50 74 48 6 5 24 45 31 63 5 37 44 45 5 45 33 51 5 11 1 61 5 22 14 68 5 63 7
7 5 39 13 32 64 16 45 23 13 58 5 1 51 57 5 32 4 8 13 58 5 22 19 40 5 29 29 3 5 56
10 48 50 5 58 19 14 13 34 1 54 5 6 1 65 76 12 6 38 67 5 45 28 20 34 23 43 5 28 18 1
26 5 50 63 29 5 37 14 72 5 2 65 69 1 5 21 4 33 5 4 14 45 32 74 56 48 5 8 8 14 19
15 5 65 49 29 63 32 9 35 40 75 37 5 51 18 12 14 8 5 34 8 59 27 3 11 51 51 1 59 5 26
7 4 63 27 5 1 35 58 14 5 4 23 39 16 5 6 23 15 11 5 27 12 1 5 13 15 34 45 5 12 50
56 61 5 32 31 56 19 7 33 8 3 5 13 37 37 5 8 52 16 1 12 5 7 8 22 5 40 44 41 16 48
35 27 14 5 21 57 11 51 5 48 50 34 16 45 5 14 65 56 51 5 16 33 28 5 29 3 27 59 5 41 2
21 64 5 68 14 57 63 45 1 5 26 39 58 5 46 20 49 35 12 5 11 35 15 39 14 1 48 26 35 34 55
1 16 8 27 36 45 46 4 5 27 36 3 19 10 5 35 56 28 13 23 49 35 5 27 6 53 12 61 5 22 39
34 5 44 54 24 19 55 5 28 58 45 56 21 38 5 33 19 14 53 39 5 12 24 53 2 1 5 33 49 7 5
3 45 43 32 77 5 44 58 11 57 5 38 2 57 4 21 65 38 36 5 63 27 35 53 5 37 14 26 8 5 15
29 11 23 5 28 67 48 26 19 41 31 8 5 24 34 1 23 55 58 5 14 33 49 5 40 19 37 5 65 65 47
29 19 5 38 28 48 1 19 5 49 45 45 29 7 5 30 2 1 5 33 15 34 12 5 23 1 73 4 11 11 21
4 5 20 45 6 37 72 5 27 44 35 5 7 61 38 61 64 5 59 31 8 5 69 39 50 4 5 56 19 19 5
32 32 72 5 46 19 4 29 19 47 45 14 5 18 29 6 37 33 5 69 41 28 38 5 15 54 8 5 17 6 1
34 72 5 4 19 70 30 38 74 43 28 52 11 54 14 8 5 44 40 67 73 33 5 27 20 56 16 36 5 3 58
27 32 32 5 4 8 63 9 29 5 39 28 24 4 5 37 29 7 35 20 7 46 17 46 61 22 3 45 8 44 31
58 5 31 58 23 13 61 37 25 5 27 4 45 38 72 28 26 24 40 14 48 23 1 48 51 35 5 8 46 57 10
31 19 5 61 14 36 39 5 27 58 14 48 5 14 24 39 37 36 57 35 37 2 15 46 18 29 63 15 5 36 45
29 5 39 44 39 34 5 6 30 50 10 27 5 47 4 26 30 46 20 19 76 33 69 13 63 53 27 5 23 11 61
67 7 69 19 5 20 68 39 57 24 5 10 33 45 5 11 10 45 23 19 47 27 19 5 1 11 64 67 32 5 9
24 26 23 76 5 31 43 26 15 5 10 68 69 37 56 55 24 50 1 32 36 5 2 51 14 17 14 5 3 13 23
51 58 1 7 6 12 53 11 5 15 76 4 32 41 9 19 1 1 46 53 34 5 62 61 6 22 5 33 73 69 26
5 14 28 6 56 3 5 46 1 12 5 65 1 58 5 20 43 33 5 34 24 29 39 47 20 28 31 37 47 22 35
2 7 23 35 39 72 29 46 16 6 19 48 38 51 19 73 39 5 2 11 17 6 8 5 53 23 61 39 36 5 10
11 11 63 68 5 20 8 4 45 5 50 12 23 37 3 40 5 39 47 21 33 5 43 4 74 46 51 5 56 73 11
5 69 45 26 6 32 7 7 12 5 32 32 6 37 4 46 67 69 36 5 68 20 34 18 5 21 6 13 3 22 59
23 11 5 63 35 1 5 62 1 29 5 6 24 65 15 10 13 45 56 49 5 36 12 45 5 76 65 61 10 5 35
4 8 8 1 36 5 47 37 15 3 5 36 24 38 63 39 31 14 34 5 17 21 8 14 49 8 27 65 27 39 49
32 19 45 5 13 47 33 5 56 8 19 5 31 14 22 5 38 50 37 14 35 48 46 20 40 56 45 14 19 62 5
34 22 63 64 62 12 23 49 5 32 16 4 53 60 5 53 2 18 32 5 34 22 12 5 47 14 16 5 26 35 34
35 59 5 56 16 19 16 5 56 1 65 7 2 45 41 5 12 47 31 5 72 19 14 43 74 5 37 26 26 31 6
73 32 10 5 35 50 61 6 46 5 69 35 34 56 5 8 8 1 5 12 46 34 14 74 5 74 29 67 5 37 37
20 54 12 5 65 37 12 58 21 10 45 23 10 20 29 5 33 25 74 33 45 41 54 15 5 46 72 19 13 31 5
63 16 6 68 73 5 26 45 23 73 22 38 33 35 45 5 9 67 40 5 36 22 35 51 5 37 39 3 6 57 5
19 68 58 48 13 12 35 5 31 48 27 48 5 40 30 12 21 48 5 51 54 68 7 5 30 51 22 65 46 5 22
33 37 34 28 47 12 19 59 5 53 11 38 36 57 5 46 15 22 51 5 8 8 7 12 38 14 48 41 76 3 16
13 5 35 56 23 3 5 6 14 6 12 5 19 7 19 5 2 30 55 13 12 5 17 57 39 56 29 35 63 34 50
29 11 3 45 50 7 40 63 5 8 6 53 37 11 5 41 70 25 56 5 48 24 44 12 5 43 34 36 16 12 52
49 14 51 5 33 54 29 63 57 5 69 69 35 67 5 45 50 8 5 52 1 11 16 5 20 23 39 11 39 5 51
27 22 5 51 54 37 11 45 56 14 53 67 12 55 46 48 57 52 12 46 72 5 58 54 37 23 22 5 44 16 27
13 4 5 58 58 53 27 51 73 63 23 63 22 14 4 29 7 35 34 25 5 10 7 63 56 5 7 60 61 12 44
30 56 37 16 61 35 29 22 46 29 5 67 27 36 5 33 35 28 61 39 5 45 11 38 5 51 29 2 56 5 58
8 51 75 52 5 38 43 6 5 24 46 23 35 26 44 6 19 19 5 1 52 12 65 5 12 53 19 13 5 23 63
29 5 21 63 4 10 19 28 12 48 30 5 19 58 11 69 1 38 12 36 19 72 39 27 58 58 5 47 26 33 5
20 27 37 47 5 44 34 9 6 24 33 23 5 13 63 49 34 29 5 8 73 10 35 5 51 11 8 5 41 16 48
38 28 67 22 74 5 45 65 20 36 12 45 34 9 50 56 7 28 32 5 29 67 36 64 5 46 25 53 25 21 12
31 21 13 5 37 76 31 45 13 5 35 51 35 5 63 58 35 5 3 2 29 35 54 5 26 19 32 5 54 65 6
58 26 5 15 38 10 15 16 48 45 47 50 5 45 49 40 28 26 5 76 63 10 5 45 19 32 34 5 37 40 31
33 5 45 51 6 5 32 22 36 58 26 24 72 5 35 22 1 57 5 1 25 64 36 5 48 6 58 50 5 46 56
16 64 5 74 6 1 45 5 33 46 45 36 22 33 39 50 45 58 29 5 35 44 32 13 27 22 14 45 11 5 21
40 38 36 5 63 45 37 31 5 74 48 35 32 5 2 47 48 58 36 5 19 35 13 36 53 19 11 16 8 24 5
32 6 22 39 56 45 58 70 65 8 1 12 5 10 30 12 5 8 14 61 21 48 5 20 74 25 6 41 38 19 27
32 61 7 75 5 58 8 29 10 5 51 58 69 5 21 8 30 9 31 5 58 59 58 30 5 22 37 27 5 53 63
35 8 31 5 61 4 27 15 29 44 40 56 5 4 56 24 47 5 31 39 47 6 5 19 19 15 35 5 1 45 69
5 1 28 26 5 37 23 11 8 63 58 24 72 20 5 53 1 24 23 5 34 38 36 23 5 23 32 36 23 5 50
1 46 73 18 63 35 5 20 47 45 34 74 65 16 37 28 40 14 5 19 21 23 5 8 38 49 28 4 65 16 7
5 22 40 54 45 1 30 20 5 22 36 2 6 20 5 39 27 74 38 12 5 8 14 50 1 17 5 50 58 8 65
53 5 68 12 21 5 59 60 48 22 1 12 5 58 45 34 5 58 26 23 44 5 1 6 28 7 5 7 39 45 32
29 5 11 69 12 4 9 5 14 67 20 39 36 32 13 35 5 16 4 39 23 5 22 26 22 47 46 36 44 38 4
5 21 59 36 8 12 5 43 2 62 54 11 5 38 12 18 6 16 5 35 32 56 21 5 3 56 67 5 38 53 14
8 5 48 58 4 23 32 14 26 32 21 34 13 5 33 15 16 35 58 15 1 5 1 25 29 65 5 1 63 30 5
46 8 29 34 8 5 14 27 14 47 51 39 5 19 49 16 45 16 15 69 5 56 28 49 37 22 32 21 55 30 5
29 69 25 8 27 43 8 16 5 3 76 49 10 5 26 23 3 6 43 12 40 32 55 39 10 38 5 32 33 23 45
5 22 39 72 14 32 12 37 5 29 63 45 19 5 27 10 23 13 5 37 25 23 45 5 3 70 45 26 1 5 8
8 11 46 52 51 28 30 5 74 65 72 45 23 5 19 3 25 26 49 5 31 58 22 48 35 46 32 25 11 32 12
33 26 58 5 50 4 11 49 62 58 7 31 74 5 6 45 6 11 5 51 32 74 4 25 68 63 35 5 45 16 26
5 46 47 6 28 8 5 45 38 63 10 63 5 16 19 21 20 36 3 16 50 5 63 27 23 4 5 48 48 26 5
4 16 67 12 7 47 58 12 1 27 12 29 19 8 5 27 47 23 5 27 23 67 54 5 35 36 23 32 68 5 26
37 39 6 65 5 51 52 58 56 5 27 47 29 46 40 1 32 19 27 5 16 40 32 32 5 48 25 38 5 48 26
46 15 69 38 2 30 51 33 5 12 32 56 26 5 65 56 32 26 22 5 4 9 58 61 5 52 50 14 44 16 1
7 32 25 53 28 30 20 58 50 34 5 29 13 25 5 37 1 20 45 5 14 18 51 20 19 10 39 63 12 3 32
5 12 16 39 27 11 64 48 32 3 5 2 25 14 27 2 5 16 50 20 5 53 1 32 3 27 19 36 55 5 69
65 12 7 35 44 41 28 20 12 5 15 39 16 19 11 37 58 41 51 48 5 3 21 6 59 30 36 34 47 5 63
51 26 5 10 29 10 16 37 21 62 58 20 27 5 27 12 58 5 61 26 74 34 5 27 23 46 5 52 56 16 51
5 77 3 28 5 28 59 67 36 51 43 31 65 5 30 41 52 5 63 17 51 37 32 6 4 24 58 65 22 62 47
5 58 51 59 5 8 7 13 4 15 35 45 19 5 36 34 41 5 24 12 19 67 5 74 7 15 63 39 8 5 7
43 50 5 12 6 56 5 20 28 14 7 7 71 22 14 56 5 6 41 44 12 23 5 3 75 34 11 62 5 17 54
11 8 40 28 45 74 43 5 3 18 75 11 30 5 20 33 36 27 35 44 16 31 73 5 8 29 14 4 61 45 6
11 5 21 70 29 47 29 50 36 11 35 28 41 13 34 27 1 7 26 12 5 28 3 20 5 51 50 50 36 27 5
45 1 4 27 41 5 37 47 44 48 36 5 22 16 12 64 62 60 23 5 31 74 12 5 62 16 27 5 53 12 25
16 5 4 72 45 21 5 58 63 47 44 3 51 34 31 5 14 56 16 5 12 63 8 30 58 5 29 14 7 5 47
34 21 28 34 12 50 31 5 48 20 33 5 72 40 20 21 67 58 6 41 45 37 40 5 48 64 47 35 39 62 29
12 66 63 34 5 7 8 38 12 25 57 68 37 5 48 76 29 12 13 36 24 24 5 35 63 49 39 5 11 14 30
46 47 5 8 28 10 36 51 46 51 32 5 68 15 23 5 12 22 10 5 50 18 32 49 5 9 44 18 61 65 5
58 58 61 7 35 32 55 29 5 22 18 45 5 58 1 3 45 39 5 27 14 44 19 63 63 23 58 43 38 5 27
50 28 64 5 3 72 37 5 7 39 54 18 10 5 20 31 27 11 21 23 29 10 24 32 5 12 44 27 38 25 29
29 1 10 48 5 6 32 22 50 23 5 48 3 52 5 73 22 13 62 74 36 69 5 13 16 4 5 29 8 29 50
5 27 69 35 5 9 59 40 35 53 51 5 37 29 14 5 12 47 15 11 5 51 65 28 33 5 27 64 58 25 5
51 68 14 3 32 40 20 47 16 31 22 58 5 28 40 8 45 22 5 12 30 8 32 25 5 22 1 1 40 5 47
32 11 35 33 5 37 4 69 8 67 28 51 37 51 47 23 5 44 34 67 5 76 51 36 5 23 56 47 5 39 44
22 35 5 65 6 70 5 9 44 33 44 5 70 69 3 23 5 44 2 48 21 63 76 36 73 7 39 4 20 61 45
20 32 48 29 5 69 12 46 55 54 7 39 51 5 19 51 16 21 10 53 36 22 51 16 32 3 29 13 5 4 1
47 16 37 5 40 63 39 17 26 5 27 40 50 36 5 22 48 3 5 1 37 4 15 5 72 59 8 5 72 23 31
47 63 74 23 37 19 39 36 8 38 25 43 30 19 5 50 2 27 5 30 36 51 5 36 29 75 65 15 36 27 68
30 5 26 36 58 32 36 5 59 32 48 41 29 16 13 38 13 69 69 39 38 34 1 59 11 28 5 7 36 34 5
40 56 32 32 28 5 1 30 45 4 23 60 32 47 14 29 1 5 51 11 50 6 5 4 38 30 5 72 40 69 58
45 5 21 29 47 58 34 27 30 9 38 5 12 11 11 5 11 29 4 1 16 5 29 16 46 5 64 48 4 40 50
26 35 73 54 43 5 28 63 45 5 15 10 53 1 48 1 45 16 36 22 5 56 20 26 5 51 46 39 28 11 5
44 21 27 30 56 5 13 36 35 14 36 5 32 19 8 58 31 26 35 5 19 51 13 40 53 5 51 51 39 65 73
5 26 58 30 40 27 5 12 44 32 20 5 69 65 37 5 12 11 33 15 29 6 36 5 50 29 57 8 74 27 8
16 62 25 21 23 41 51 29 60 41 1 38 8 25 69 40 5 48 24 73 37 5 4 16 45 22 5 51 25 10 5
67 27 50 49 39 32 5 35 2 35 30 4 38 22 11 48 1 9 38 58 44 53 29 19 67 5 53 10 1 5 54
74 6 40 18 5 8 30 26 20 50 49 45 65 25 21 5 45 14 12 32 20 5 36 26 1 31 5 23 12 45 34
11 5 46 27 32 22 17 12 28 23 3 7 19 49 15 19 5 3 50 27 36 45 5 7 3 47 51 45 55 55 24
53 69 5 47 27 28 32 5 12 36 55 26 11 10 44 14 49 46 38 48 7 6 21 5 37 67 47 34 5 26 27
63 5 28 30 36 56 5 57 46 32 5 15 62 51 5 15 4 1 12 5 50 27 7 27 29 63 5 7 65 36 5
29 37 16 5 65 41 35 23 20 5 8 49 28 30 5 18 12 12 44 8 26 25 61 5 37 35 32 9 5 3 3
48 5 22 16 19 14 55 5 35 37 33 12 5 23 25 39 5 8 1 31 5 45 16 14 23 38 37 27 8 15 4
21 15 5 3 48 31 56 5 59 13 15 4 16 5 16 69 48 5 15 6 2 65 37 38 58 58 5 41 46 1 61
5 13 48 27 21 5 50 53 29 5 13 54 3 43 5 8 7 44 5 32 58 28 37 28 7 43 39 5 8 62 40
5 4 51 29 5 14 44 56 43 5 15 39 28 5 13 29 13 5 43 55 44 5 13 56 14 19 5 16 32 12 69
37 30 48 64 51 20 48 27 14 32 3 36 5 58 37 43 5 53 12 21 9 32 5 24 9 14 15 21 51 51 5
45 1 40 36 26 7 39 5 20 23 29 15 19 12 5 12 43 28 33 48 5 40 4 14 12 12 5 47 37 3 21
5 16 41 46 58 25 5 43 14 28 5 21 15 22 5 14 43 13 28 19 23 16 41 16 5 30 32 57 57 5 19
27 14 54 14 16 39 7 25 5 73 72 29 43 5 44 24 47 51 10 5 30 32 54 72 44 47 44 47 29 9 19
36 22 41 4 9 29 10 5 69 6 50 8 34 5 48 24 32 19 4 5 44 8 60 5 8 14 19 49 5 27 25
23 1 6 8 23 1 25 53 46 47 26 36 24 30 63 43 45 23 16 63 5 23 62 48 34 16 21 4 1 52 49
11 44 36 5 28 47 12 41 53 48 38 22 11 28 8 34 27 5 25 53 72 25 48 58 27 29 8 24 5 14 68
39 35 25 5 45 26 31 5 37 45 15 5 34 11 36 1 5 59 25 67 5 20 34 12 30 52 29 38 28 17 48
5 1 46 53 26 54 5 45 16 44 5 41 16 8 46 27 5 12 23 51 40 46 16 51 5 43 21 64 49 19 5
72 8 4 16 5 29 31 38 60 4 37 5 45 37 45 37 5 6 27 26 7 5 15 53 11 38 39 5 36 38 33
27 12 30 73 56 5 15 39 4 61 38 5 18 46 1 5 55 44 12 36 36 5 12 32 35 21 5 12 37 34 7
51 5 4 19 31 7 5 32 37 19 23 13 27 69 23 61 29 39 16 5 12 63 14 5 45 32 51 12 27 15 65
38 8 5 34 37 13 22 5 19 50 1 14 16 5 1 49 44 41 16 11 5 12 73 53 51 5 50 45 16 5 35
14 31 3 28 5 58 31 46 22 6 5 26 63 20 72 5 10 12 46 49 23 5 31 73 33 38 50 45 51 6 5
8 27 29 40 5 33 63 27 37 43 5 67 27 24 23 58 5 36 29 22 1 12 36 39 5 48 58 65 3 5 22
20 28 37 48 29 5 15 59 36 5 74 14 7 5 48 39 69 24 2 5 74 25 11 15 57 5 44 61 10 6 5
7 39 34 62 27 5 44 28 37 5 36 76 19 19 45 31 16 54 45 7 12 43 5 32 3 4 39 26 20 37 30
5 4 60 35 16 25 10 39 5 7 6 6 14 15 27 33 56 7 5 37 68 67 35 34 58 65 22 5 22 7 24
11 2 5 8 46 12 10 23 5 62 23 36 33 5 26 4 8 45 4 2 44 71 5 11 50 1 5 34 29 8 53
5 19 57 50 71 39 5 14 31 44 5 35 36 15 5 29 65 16 35 20 23 23 1 25 11 51 5 27 16 7 60
56 14 5 30 51 27 5 74 32 34 12 5 28 16 8 23 48 16 15 5 58 51 2 5 3 47 36 10 6 5 23
41 16 5 14 37 16 67 5 56 29 53 30 35 5 11 48 32 34 58 5 19 38 7 65 47 47 14 46 54 9 10
7 5 30 47 50 27 43 2 45 16 15 9 36 5 28 26 63 29 5 46 25 58 36 5 16 50 25 46 22 5 10
16 13 5 59 50 13 56 5 45 46 1 8 5 47 57 43 32 6 63 38 25 16 61 5 14 1 19 35 51 5 58
45 38 15 1 5 41 21 29 59 19 56 6 40 5 11 33 63 67 34 5 22 44 4 19 34 5 3 62 46 21 39
5 63 27 20 54 28 5 23 15 38 5 15 16 74 32 65 56 14 48 5 21 6 13 1 27 5 15 67 15 32 34
72 37 35 14 1 44 56 9 58 35 5 16 6 56 11 47 5 32 43 60 32 35 63 32 5 56 34 36 22 32 5
15 35 70 5 57 14 27 40 2 54 23 10 5 11 36 7 22 41 28 36 37 1 11 41 58 5 14 23 10 5 20
21 32 50 5 54 38 6 2 26 32 7 5 4 70 37 1 36 5 14 12 15 26 10 5 26 58 1 14 19 12 33
21 12 58 38 5 36 65 8 5 4 36 12 5 39 56 23 72 5 16 41 11 5 54 61 26 29 67 5 51 39 37
7 36 44 8 19 10 29 58 36 7 5 19 4 37 28 37 5 33 40 28 51 11 72 7 5 2 23 7 32 5 8
26 67 14 33 3 57 35 56 41 3 37 5 49 58 58 3 23 5 6 53 38 5 76 6 38 50 19 5 43 14 57
51 15 52 21 55 38 12 1 26 25 5 41 40 37 5 57 25 7 40 72 5 40 16 23 27 34 36 36 38 5 1
74 67 30 58 30 5 37 19 67 6 5 58 16 16 29 5 56 63 38 7 5 37 11 11 59 36 16 46 16 29 5
15 63 74 14 43 18 1 29 38 5 35 19 14 23 5 74 39 23 38 30 72 57 5 36 56 4 5 25 7 14 22
28 50 10 41 7 1 6 44 27 5 74 19 39 9 34 62 27 19 35 57 5 44 38 36 5 8 33 56 5 54 62
43 68 27 55 47 10 41 4 5 67 56 19 46 58 5 17 54 67 15 5 15 18 38 26 56 45 43 38 7 5 37
53 34 22 19 5 63 60 34 5 58 12 6 5 28 36 55 28 1 5 7 48 7 38 5 50 69 48 30 5 28 32
40 43 5 34 40 14 51 72 25 8 50 49 63 48 51 45 36 47 12 6 16 33 27 14 16 7 5 47 26 12 54
7 5 7 17 61 28 5 30 13 34 27 8 5 7 60 65 67 27 5 4 13 12 28 56 66 10 56 26 23 5 6
12 44 38 32 1 47 46 12 20 5 57 3 76 19 1 11 29 27 48 5 22 37 20 12 5 1 32 62 45 26 25
34 61 31 5 35 32 57 47 5 58 67 37 22 45 65 72 68 52 30 11 14 6 36 8 76 38 8 72 28 6 76
13 5 6 32 6 65 64 5 68 50 23 5 12 7 27 37 5 16 53 11 27 74 6 50 41 5 45 16 29 41 5
29 38 6 5 19 15 14 37 22 2 59 36 63 35 5 1 3 41 21 8 5 65 46 6 63 2 5 36 10 38 9
67 34 43 33 73 5 51 50 47 5 39 26 1 35 46 5 19 36 23 45 11 5 35 12 58 2 23 5 20 63 46
49 28 45 39 72 1 5 10 16 21 28 5 11 30 32 21 29 27 26 5 65 37 57 28 15 5 65 23 2 55 39
5 64 59 53 5 1 48 13 29 51 5 26 31 29 45 67 5 37 13 2 8 45 5 10 20 56 24 28 30 51 13
5 66 20 46 41 12 5 55 19 67 38 5 10 4 43 37 57 7 14 56 5 57 15 41 65 5 11 16 36 28 72
24 8 49 25 1 17 8 27 5 51 62 63 2 12 25 61 16 28 5 4 51 26 11 11 50 34 29 44 8 44 29
5 9 57 67 8 1 5 1 16 63 41 46 10 5 8 44 1 5 31 23 34 63 5 72 59 6 5 47 14 69 8
12 19 5 10 36 39 5 19 62 29 14 5 44 11 7 44 47 48 45 21 65 5 28 63 7 5 7 23 58 64 47
5 32 15 12 49 32 5 23 40 67 51 5 53 29 15 46 5 23 4 33 1 11 48 25 5 1 33 6 36 5 40
52 31 36 3 5 43 6 38 39 50 4 51 5 36 30 40 8 22 63 11 54 5 14 61 23 19 5 11 8 36 68
33 9 28 27 44 23 13 24 38 46 27 43 5 8 45 40 76 20 5 64 74 6 5 15 36 50 5 20 37 22 8
1 5 47 32 19 62 29 5 35 4 28 5 55 23 6 21 29 16 34 53 16 43 6 56 38 5 37 48 38 5 77
65 23 19 30 39 15 19 5 4 22 22 22 6 24 36 5 36 30 36 14 35 5 58 16 53 65 5 19 35 30 62
47 33 51 5 11 15 33 10 48 28 35 50 11 72 24 28 45 8 2 23 34 49 5 19 45 45 5 50 13 32 29
11 5 12 7 63 8 1 5 29 51 13 38 50 5 12 8 63 60 23 14 70 5 22 12 28 5 33 14 6 34 5
53 39 41 65 62 7 1 32 66 63 5 14 16 65 36 4 5 50 63 47 11 22 5 29 65 22 5 39 63 23 57
26 35 74 26 45 5 27 10 10 33 34 5 4 26 33 33 56 34 56 5 49 56 21 5 46 32 57 23 22 24 27
45 68 5 3 58 16 23 22 56 39 5 56 15 26 5 12 4 7 14 5 67 37 32 36 9 5 63 7 2 5 16
27 26 53 3 40 37 58 5 7 14 37 7 5 34 53 14 39 11 5 56 46 59 5 6 7 3 5 2 1 45 9
11 17 14 10 5 54 50 45 5 35 32 37 38 5 16 74 44 5 6 39 15 14 5 56 11 8 45 5 37 58 58
23 5 19 25 41 46 8 5 32 16 32 4 7 29 11 58 39 17 46 57 20 17 5 56 1 34 5 58 6 1 56
5 63 41 7 5 2 37 39 5 33 12 4 69 49 5 6 43 64 3 40 5 8 16 57 35 44 5 32 14 45 27
10 6 16 53 5 67 27 33 37 52 7 16 46 5 45 1 14 69 19 5 32 57 36 20 46 5 55 38 70 50 58
5 23 47 44 5 6 8 30 39 64 5 27 41 72 5 22 20 35 40 41 21 53 7 36 5 40 1 25 34 21 5
51 50 32 34 5 1 36 35 69 48 5 36 4 6 5 14 24 13 22 51 45 28 29 73 41 5 32 22 37 10 5
22 1 50 38 52 5 4 39 22 24 39 5 21 15 35 28 5 64 41 22 14 58 5 19 51 22 19 5 58 59 63
54 58 5 66 21 14 70 46 36 8 76 35 8 33 26 5 3 56 26 5 6 48 4 56 6 26 3 23 45 11 20
5 12 48 64 50 36 5 53 9 7 20 5 7 8 10 5 9 23 16 5 7 26 27 26 5 37 52 63 40 38 3
35 59 5 32 33 1 32 45 5 36 35 28 21 38 5 14 1 43 23 5 19 22 53 21 5 36 32 7 35 32 5
36 38 29 63 73 20 10 1 41 49 61 58 45 60 3 2 7 49 32 1 7 70 16 72 5 13 40 15 22 48 35
46 59 34 7 69 39 5 28 28 34 29 53 45 62 33 5 67 45 16 5 7 63 19 5 27 64 44 48 11 5 37
8 6 20 40 5 16 29 43 34 10 48 27 58 28 30 1 37 36 48 63 23 40 14 57 5 28 28 11 43 5 12
52 72 13 37 5 12 48 47 14 15 5 19 21 16 58 5 14 30 8 33 5 20 43 50 5 4 50 39 24 20 30
46 20 5 14 1 26 63 12 34 46 44 51 27 63 5 11 8 35 63 5 8 22 20 1 5 18 13 4 51 72 45
26 45 2 35 16 14 21 35 20 8 8 28 32 8 5 33 32 48 14 32 8 26 5 33 44 16 5 25 1 26 3
39 5 37 64 67 12 5 62 55 25 5 51 32 30 12 22 5 20 39 35 72 69 32 1 27 28 3 58 9 4 19
23 36 56 45 66 5 1 51 39 22 1 1 40 57 12 49 15 58 7 72 48 56 26 19 33 5 11 10 29 27 61
19 45 1 5 63 54 47 5 32 6 39 21 5 48 12 30 5 16 16 22 5 13 32 37 5 64 39 43 6 5 17
28 4 15 20 44 5 27 37 13 12 7 30 65 30 55 5 7 7 67 27 5 31 4 35 14 27 39 11 5 12 8
35 5 46 19 22 74 5 10 31 25 44 63 45 10 12 76 57 39 5 19 16 11 5 54 8 11 36 58 5 37 61
22 9 38 12 11 35 26 5 37 10 20 21 21 3 29 20 5 32 72 43 25 5 29 57 65 10 5 45 46 51 5
4 4 22 27 5 39 35 27 12 30 5 26 10 9 22 5 19 35 69 4 1 29 20 11 5 54 27 27 44 1 38
58 4 68 5 6 33 33 5 19 38 4 5 10 29 15 20 16 5 28 33 29 5 68 6 21 45 46 59 36 14 11
21 25 4 5 28 28 23 73 5 44 42 39 16 32 5 22 63 31 33 32 41 34 5 34 46 1 5 26 1 1 24
5 44 37 19 5 30 48 63 6 19 43 10 28 20 16 3 3 5 35 50 14 3 5 14 51 37 31 18 5 36 76
11 1 37 26 20 23 5 31 47 40 43 10 74 63 35 11 5 37 17 16 29 33 5 73 33 45 5 24 1 34 48
29 5 49 63 64 28 27 17 45 25 5 23 33 31 46 2 5 28 49 59 52 5 37 14 20 5 4 16 35 5 15
41 61 32 14 59 39 56 5 27 27 20 29 32 60 22 43 37 4 49 46 52 4 4 37 5 8 63 46 5 48 16
38 45 63 11 35 6 25 48 43 32 45 5 33 1 33 28 14 5 1 26 23 19 45 5 38 14 21 5 22 22 10
20 32 72 16 72 5 65 1 6 5 25 67 27 39 19 5 45 51 12 5 23 58 1 26 5 10 4 4 7 32 5
29 63 2 65 1 5 19 16 51 23 39 7 34 6 23 5 27 11 58 32 12 35 14 47 34 10 73 67 31 38 13
11 48 5 9 27 10 63 72 41 7 32 57 26 19 28 12 10 20 19 10 26 5 30 39 29 69 49 48 7 31 5
14 12 26 5 27 15 7 37 22 23 58 34 5 4 34 8 25 5 68 47 23 16 27 5 39 27 49 1 7 16 4
5 4 20 27 33 27 40 50 5 57 16 45 5 39 67 15 19 23 44 1 5 3 15 38 21 5 47 34 65 72 5
43 1 21 5 63 39 28 5 14 57 27 20 39 7 19 45 5 40 45 41 22 5 17 10 29 14 5 15 29 19 62
5 47 47 8 53 48 5 13 21 58 14 5 7 69 47 5 51 38 32 3 15 47 36 32 5 16 20 63 53 5 36
10 62 5 6 1 36 15 15 35 45 32 67 5 12 12 27 2 72 43 15 5 8 22 37 53 47 65 12 10 7 20
13 33 56 5 58 4 2 5 51 67 27 16 16 5 21 28 58 22 5 29 3 48 9 5 16 9 28 58 6 5 33
28 47 51 46 5 12 11 54 35 72 35 12 39 1 24 58 5 45 74 11 50 12 5 19 10 32 69 47 20 51 29
30 1 5 4 44 29 5 34 19 27 45 15 5 19 14 30 5 69 30 58 10 28 8 15 63 5 69 10 12 51 65
5 40 32 15 23 41 5 2 74 71 11 5 38 72 41 7 27 53 3 32 5 48 45 16 32 54 67 51 37 4 13
34 59 5 16 65 72 31 34 48 31 67 39 27 50 34 34 36 14 1 16 47 27 51 61 15 5 29 12 19 8 35
5 13 26 4 5 34 64 12 5 32 61 11 5 28 20 12 48 38 5 23 2 1 31 21 38 6 66 34 39 58 45
51 22 53 6 47 13 5 1 58 51 25 5 14 25 20 32 15 38 14 12 47 2 37 12 5 72 22 58 50 5 57
49 45 10 37 63 46 45 5 12 70 4 59 57 1 27 5 10 37 72 65 28 2 8 12 51 51 34 58 4 45 52
69 4 5 51 26 2 36 5 35 16 37 7 29 5 48 32 1 69 5 11 36 32 5 8 10 11 37 73 28 5 32
22 74 63 5 22 44 17 40 5 44 10 73 11 23 5 74 37 14 19 8 63 21 5 7 31 31 22 15 5 31 4
50 63 5 29 1 32 27 72 28 59 53 11 5 47 23 47 53 14 36 47 35 22 1 45 6 6 27 68 13 5 3
26 45 23 5 13 33 32 5 39 19 49 30 33 10 11 2 5 8 11 16 5 14 46 74 5 45 34 26 28 5 3
40 35 26 5 51 18 16 21 25 19 4 67 61 5 48 10 18 63 5 45 30 7 1 6 23 5 11 19 13 44 5
23 16 22 43 5 8 62 10 5 7 19 22 6 59 69 34 27 35 19 24 5 37 34 54 63 51 5 37 11 3 5
20 6 22 5 67 48 10 5 34 47 39 39 44 5 14 48 49 25 33 3 56 27 8 5 38 10 54 10 5 44 14
58 5 59 40 4 5 58 37 53 12 5 4 72 16 19 5 60 1 67 5 46 45 51 37 28 5 25 2 7 12 61
64 30 26 5 40 27 37 74 54 5 18 4 10 5 16 44 48 7 5 17 14 29 35 26 67 7 22 30 5 6 20
4 57 5 57 38 9 27 5 48 1 54 35 30 5 73 15 11 5 28 27 8 32 39 5 62 45 69 27 47 32 14
24 20 35 9 3 20 5 43 29 44 37 38 65 51 28 4 13 21 24 72 5 19 10 24 61 26 5 41 13 45 7
47 5 39 28 20 40 43 5 68 19 47 12 29 60 7 4 23 26 51 51 27 5 1 16 25 12 28 16 23 76 28
5 11 46 8 27 36 5 65 4 12 5 19 39 29 29 16 13 49 5 29 43 12 55 32 44 29 11 67 62 63 14
5 20 45 51 52 5 40 26 6 23 39 5 14 56 23 25 5 31 30 37 32 5 36 19 24 72 29 63 37 46 10
10 22 38 50 13 20 41 32 5 40 50 11 2 36 37 22 5 15 12 22 56 35 5 74 12 12 5 14 23 45 26
5 60 16 49 10 45 5 6 47 29 35 30 67 3 61 17 14 37 34 13 5 39 16 6 24 40 5 14 1 44 38
27 5 11 32 62 51 5 43 34 22 5 6 67 56 16 4 39 1 23 57 32 5 49 16 7 8 38 5 45 2 16
19 73 63 5 43 10 37 4 5 37 70 29 39 58 5 21 72 26 59 5 57 74 28 48 26 61 37 4 6 53 5
62 8 35 52 56 14 35 34 65 7 57 45 41 13 29 46 2 39 31 4 66 5 40 56 35 29 62 46 5 58 45
19 5 26 37 32 67 21 5 39 27 63 51 5 46 30 36 42 30 5 74 53 40 5 33 27 46 51 5 19 25 35
5 23 14 7 65 49 41 69 5 36 72 51 28 10 56 46 30 22 5 61 53 6 36 60 1 23 5 28 13 8 16
22 5 26 76 38 5 40 36 48 5 36 36 1 48 4 5 31 6 63 29 43 5 7 39 50 34 19 4 22 10 12
9 58 5 48 17 47 53 5 15 44 30 34 5 37 73 22 69 8 5 27 12 35 63 56 51 22 74 44 27 5 16
41 25 1 5 44 19 35 21 5 60 12 58 13 21 5 4 33 15 6 5 27 47 46 5 75 13 57 39 32 46 6
63 12 50 7 69 8 36 28 8 58 39 47 5 31 6 19 5 6 51 4 28 31 43 16 19 5 12 35 21 22 29
5 33 38 58 5 22 54 38 27 5 51 45 22 53 5 12 63 3 1 5 25 14 34 7 7 5 50 20 46 67 29
43 57 72 5 72 63 44 44 40 26 4 5 35 51 12 39 62 7 47 20 51 5 7 28 67 29 50 37 16 38 52
23 34 12 2 48 4 48 29 34 5 59 23 29 23 20 33 37 28 20 53 5 17 7 46 3 35 5 4 11 45 5
21 48 23 5 53 23 19 23 5 21 1 14 29 14 7 27 7 5 12 14 3 23 28 53 32 28 34 5 36 41 50
43 5 4 6 13 37 35 5 7 22 28 14 5 49 29 41 9 5 46 32 47 18 29 10 28 27 20 61 11 28 8
22 35 8 51 52 1 5 38 16 22 45 5 10 45 39 37 5 65 31 76 11 7 11 18 7 23 5 21 23 43 29
51 10 45 37 14 5 32 12 38 16 5 11 13 46 63 56 5 28 63 14 54 23 50 29 27 5 23 67 19 5 7
69 24 51 44 45 30 16 28 10 21 45 51 7 5 9 33 20 23 5 20 63 21 14 5 69 19 7 15 35 5 40
64 29 11 48 5 13 6 43 69 14 5 11 14 51 45 4 5 9 13 36 32 5 56 38 52 45 49 15 4 5 23
16 46 18 5 29 28 62 61 22 68 12 5 37 30 31 5 29 50 38 63 61 35 41 13 18 10 38 22 5 39 6
28 46 31 5 50 33 20 5 15 14 19 29 20 21 26 29 56 5 14 23 44 5 11 41 7 28 63 5 46 16 46
5 23 51 4 5 10 57 1 23 50 22 70 15 5 34 12 72 13 65 19 51 41 29 5 67 74 14 65 36 48 5
66 21 1 5 20 46 1 16 5 3 44 28 1 34 13 8 53 21 54 51 53 51 58 1 31 16 14 5 12 19 56
35 46 44 7 32 26 23 6 48 5 32 45 14 26 41 5 20 27 45 5 59 12 46 5 12 29 14 8 2 4 51
43 1 37 40 41 5 52 8 30 5 36 12 16 5 18 43 48 5 62 46 16 69 62 44 34 47 9 58 5 11 47
38 41 5 63 43 65 32 23 16 45 47 38 5 6 43 50 19 5 54 7 50 32 58 65 11 14 37 53 41 22 29
72 47 44 27 26 31 64 10 46 5 18 23 19 5 23 12 72 23 5 43 34 44 32 1 28 4 62 20 5 28 18
28 5 25 32 35 5 39 11 12 47 5 39 2 16 67 54 48 8 56 5 19 18 29 5 27 56 6 69 50 5 18
16 39 14 5 35 53 27 21 28 5 32 46 36 63 46 5 51 29 12 14 5 26 20 9 63 58 24 28 53 5 1
65 1 24 8 5 16 32 40 5 12 59 73 1 76 8 43 7 47 32 5 48 32 63 48 5 41 7 46 58 50 36
44 50 57 27 40 5 20 39 35 5 39 10 2 20 5 72 41 26 28 6 16 24 34 5 36 15 10 5 28 39 20
5 34 19 41 11 1 51 19 6 46 5 4 14 29 11 16 5 23 23 22 26 36 45 36 16 5 4 26 51 1 5
11 44 1 69 56 5 36 48 26 5 1 12 51 47 50 18 8 51 5 33 62 43 22 7 5 22 72 57 16 57 5
45 56 40 38 29 5 49 28 12 5 72 31 51 72 23 5 45 11 39 35 22 17 8 58 47 40 14 46 9 69 5
38 1 38 6 22 28 41 2 5 35 12 11 45 51 5 39 27 48 41 45 23 40 16 15 34 5 12 8 15 12 3
56 19 27 25 31 23 1 47 44 1 5 12 14 6 48 5 56 8 28 39 5 41 2 49 26 37 5 8 66 31 8
51 6 17 63 37 32 56 24 23 5 36 8 61 7 29 16 34 26 9 53 32 3 6 36 6 27 3 7 2 5 6
31 32 44 44 5 33 37 6 54 65 5 51 12 21 65 19 5 73 27 45 57 48 46 14 10 12 5 45 6 36 34
56 56 67 39 23 22 5 23 3 37 23 5 53 9 35 30 5 43 36 15 5 32 46 25 5 29 27 12 8 14 65
43 19 23 25 5 61 40 46 4 5 21 4 39 27 5 8 50 44 11 45 32 11 4 5 20 41 23 67 35 5 14
58 19 6 5 11 37 47 6 23 10 16 70 69 15 5 9 29 63 5 26 11 53 5 30 15 51 32 14 26 50 58
27 5 1 19 29 8 5 34 15 58 45 7 1 33 1 63 20 32 19 53 37 12 1 57 48 39 5 3 11 44 56
27 5 6 21 44 39 15 23 32 25 5 7 14 20 5 6 15 35 5 41 26 36 12 19 5 52 41 30 5 23 45
59 67 21 50 70 50 7 5 21 19 63 72 46 5 35 39 22 56 43 5 8 35 45 29 5 11 6 48 39 51 5
35 25 12 65 50 22 48 45 5 63 46 36 6 5 53 41 45 23 41 24 28 45 43 50 13 19 14 37 32 5 29
32 25 23 20 5 19 72 6 27 25 3 12 65 5 57 47 35 5 39 77 19 61 17 34 54 31 5 38 16 4 4
32 27 47 5 69 14 6 25 5 47 19 35 5 41 11 22 53 55 5 58 4 21 5 24 39 50 30 47 38 23 19
67 22 10 50 50 5 27 8 23 23 46 19 30 36 9 31 48 29 4 76 53 40 35 14 5 34 16 22 61 2 5
8 61 32 5 31 21 23 2 5 22 49 26 20 50 5 28 9 20 4 5 16 28 56 28 5 26 36 43 35 29 16
39 14 38 5 1 12 50 5 30 30 17 23 5 22 56 7 47 9 34 33 7 6 31 32 45 55 5 11 37 16 10
19 60 4 16 34 41 5 7 7 8 36 5 11 22 20 63 23 5 27 27 46 5 19 4 58 5 48 9 11 69 11
1 26 5 43 51 1 50 74 5 16 28 12 15 36 56 39 43 28 32 32 7 47 5 33 7 35 7 27 5 46 45
36 49 5 44 41 77 40 5 44 28 23 7 5 26 54 36 37 60 27 14 19 5 58 43 40 5 56 74 65 69 47
22 37 41 51 40 16 6 5 4 1 39 5 53 12 17 10 26 5 21 67 69 50 69 51 63 16 43 5 47 23 63
17 50 13 45 31 12 63 1 47 47 50 36 57 5 12 29 15 11 26 5 36 39 13 60 5 15 48 16 5 8 22
8 8 6 35 56 6 51 11 17 5 6 16 50 5 54 1 39 5 45 11 16 5 24 29 22 72 5 22 4 58 5
7 8 62 27 58 28 5 21 14 1 48 5 27 32 69 15 5 69 6 17 5 51 36 11 5 45 4 18 11 16 39
34 7 5 47 24 14 5 12 57 41 34 5 56 35 50 8 75 5 40 19 35 5 66 60 13 46 56 5 74 6 14
44 37 63 51 36 5 7 16 46 63 48 8 2 5 16 60 71 58 19 5 28 29 53 51 5 14 23 8 45 43 23
15 4 36 16 48 8 5 50 33 13 5 58 37 23 31 29 22 18 30 40 60 15 20 39 28 30 5 57 47 53 28
58 5 21 45 11 37 31 5 48 30 58 52 5 43 27 6 5 39 8 49 15 44 5 23 29 11 22 35 63 4 37
67 5 48 17 50 44 7 11 36 39 14 22 18 19 33 16 4 5 19 19 3 5 38 20 46 5 29 64 4 38 47
43 8 61 30 5 64 15 58 32 58 27 58 35 3 16 51 37 30 5 36 8 36 20 5 53 74 1 16 5 48 38
45 5 6 12 46 6 36 20 5 12 24 12 5 50 48 38 5 20 6 72 8 48 5 21 47 41 25 46 5 53 1
3 47 39 8 37 13 1 16 23 18 40 56 41 32 5 47 3 9 5 63 27 67 48 5 25 7 56 45 5 11 29
64 22 5 55 22 37 27 5 20 39 44 69 72 65 7 45 63 5 47 10 22 65 45 23 49 37 18 22 7 5 63
40 36 58 4 5 34 44 63 5 41 4 32 5 50 37 7 5 51 59 39 5 28 7 35 48 45 1 35 16 5 7
19 52 52 12 50 29 44 47 22 5 47 7 72 7 5 41 56 67 38 58 5 13 20 12 5 77 15 51 66 5 37
27 67 32 5 8 35 9 21 47 27 45 9 15 37 63 9 14 50 23 30 27 4 5 65 35 14 31 74 56 7 8
8 5 30 51 29 5 9 21 65 22 1 6 48 58 15 56 67 47 14 5 56 41 47 12 5 23 48 37 31 5 21
9 48 19 5 45 46 38 5 19 38 11 37 55 5 38 29 14 69 73 74 52 61 23 58 45 23 5 57 9 37 50
13 12 6 21 3 61 5 26 1 6 59 45 8 65 47 63 5 26 53 15 5 44 4 46 21 16 40 17 30 8 19
59 6 5 44 58 37 39 56 5 3 6 19 14 5 4 1 51 5 12 13 50 5 41 19 41 27 43 19 44 49 4
38 6 8 32 36 5 20 19 46 23 39 51 72 5 1 16 11 5 50 39 8 34 5 14 30 56 76 5 62 17 35
4 5 44 33 11 2 8 8 58 48 14 4 8 29 58 12 29 27 28 48 32 22 59 51 3 4 47 16 36 24 7
23 5 23 25 36 12 5 3 24 49 45 22 5 27 6 48 66 5 44 35 65 8 74 5 21 25 22 34 32 5 1
32 16 30 56 4 37 26 56 7 58 48 3 5 22 37 35 5 28 16 19 5 58 1 65 39 5 34 27 4 73 5
26 12 21 50 5 34 2 1 44 5 4 6 6 5 48 28 46 24 27 52 53 1 5 23 22 9 5 30 35 14 14
22 31 39 5 14 7 61 5 12 43 1 32 56 62 19 47 41 5 13 14 1 16 1 46 16 57 58 7 30 22 7
23 32 23 16 28 35 48 22 33 5 7 3 29 36 45 34 72 5 26 28 52 32 5 36 35 74 5 43 26 8 59
23 37 19 15 8 47 20 3 5 25 23 47 33 59 34 40 19 5 63 41 24 2 12 3 7 5 35 25 50 5 26
20 23 29 32 5 32 2 13 67 5 8 44 7 12 5 26 46 20 11 34 5 48 67 45 10 12 67 5 1 60 23
5 12 19 14 5 39 1 30 51 39 45 2 1 67 36 5 60 18 7 5 63 44 50 49 5 65 14 11 14 5 57
38 52 65 22 5 39 48 15 4 5 38 27 33 45 5 56 15 37 5 27 31 50 4 22 10 5 20 63 48 5 19
69 6 45 5 7 14 7 5 27 32 58 8 53 62 39 11 52 26 26 40 45 45 44 28 14 19 19 5 47 10 35
5 49 69 6 31 27 5 39 12 65 5 34 31 4 9 5 63 28 14 74 8 38 7 5 3 69 49 12 35 5 46
8 8 5 51 17 44 5 44 1 35 21 5 27 26 26 6 55 5 23 32 39 58 22 22 5 35 45 27 9 19 5
46 46 33 56 26 5 9 32 39 5 12 44 7 26 5 1 64 48 5 56 34 33 3 5 60 73 54 12 19 34 16
3 61 26 3 56 51 12 23 20 12 5 8 49 72 5 48 1 37 16 32 5 4 23 14 6 5 58 58 47 5 48
41 6 6 5 19 19 40 5 47 7 74 35 69 5 45 13 28 32 34 65 49 14 1 23 21 48 2 5 14 32 15
34 5 77 8 65 12 5 72 8 12 6 25 5 17 45 21 17 11 12 64 21 14 35 5 22 44 7 11 11 67 1
60 34 72 5 28 38 53 23 5 30 37 63 6 5 47 23 21 5 8 50 20 36 5 14 58 74 27 38 53 5 27
8 47 1 6 5 24 11 70 5 56 15 23 4 5 8 35 4 5 14 27 46 5 39 70 30 9 28 35 25 69 10
3 5 61 41 8 69 19 5 49 54 59 45 39 5 41 38 27 45 5 50 39 3 36 38 5 28 56 34 40 61 53
58 50 14 31 32 26 19 5 37 12 42 5 27 11 21 15 50 5 12 51 3 5 70 30 16 72 4 5 21 36 51
49 45 5 40 11 8 32 23 8 56 27 27 5 12 1 28 19 34 36 11 5 21 32 34 63 32 56 47 36 32 29
62 5 34 37 29 12 27 45 7 48 9 27 5 32 38 14 45 5 45 39 29 5 40 2 35 1 22 5 40 6 32
29 35 5 16 52 29 45 18 19 15 22 27 16 47 12 9 63 9 32 23 28 22 11 34 8 38 16 40 56 11 41
5 19 65 28 45 22 58 36 35 41 22 5 28 28 16 5 54 20 23 16 28 49 47 45 6 5 1 25 35 5 35
24 53 58 5 35 2 6 14 15 5 45 63 27 61 5 6 2 27 5 46 54 58 5 50 13 12 38 10 7 39 12
28 5 63 16 69 5 17 38 42 38 32 25 2 23 47 1 13 25 12 22 26 5 15 23 7 29 10 7 58 12 25
14 6 28 63 57 53 45 5 34 58 67 5 14 49 56 28 5 53 4 28 5 11 30 19 14 39 32 26 5 32 74
1 69 33 5 34 26 47 5 22 45 1 5 58 31 1 12 53 49 7 10 5 74 39 44 5 38 7 4 54 11 5
26 30 28 65 5 32 46 1 7 5 38 29 27 29 33 5 57 38 9 16 35 56 57 63 5 46 16 53 5 14 51
40 2 22 26 57 1 5 32 41 26 46 5 20 15 19 5 28 6 28 13 43 29 6 45 30 32 27 12 59 38 69
1 19 28 29 5 57 19 9 65 20 5 46 17 48 47 5 32 16 22 10 39 35 4 36 5 50 34 28 22 5 16
4 30 14 5 10 6 51 15 35 51 46 36 14 5 50 6 11 1 27 70 30 15 56 15 29 4 5 46 24 6 5
6 15 16 8 5 8 63 30 5 44 8 30 8 5 10 50 36 5 47 32 10 41 28 5 36 20 40 63 5 51 26
22 27 14 59 58 36 19 14 35 45 39 5 73 25 12 19 19 5 2 3 27 1 3 5 19 46 20 22 32 5 7
8 49 46 39 5 7 48 8 40 5 67 11 64 30 5 22 7 43 15 44 34 14 10 45 5 18 7 23 5 8 29
4 15 16 5 12 12 51 5 63 12 4 34 53 22 23 69 33 21 25 5 8 36 23 45 50 32 49 26 3 63 10
36 56 8 16 16 19 5 11 56 11 1 3 5 37 43 37 50 38 5 21 29 11 5 13 23 36 48 5 32 28 9
44 29 48 31 9 5 60 22 51 23 5 65 58 44 23 5 1 28 23 33 5 34 32 57 48 74 5 48 28 47 32
37 5 53 26 4 44 5 23 14 21 16 23 41 5 23 19 60 39 11 5 23 7 14 19 39 47 51 5 76 29 39
74 5 51 70 1 6 63 5 35 65 6 21 5 58 27 56 37 23 5 54 44 58 62 56 5 58 50 23 12 12 5
67 26 8 24 1 45 25 15 69 19 53 56 51 25 35 39 38 7 5 14 37 36 19 41 5 36 69 26 1 35 5
51 14 47 41 48 6 24 27 14 6 18 4 38 5 14 34 16 14 15 5 63 32 21 36 5 29 13 6 12 72 13
42 32 12 50 5 25 31 4 16 4 4 27 5 17 63 51 8 61 35 21 19 15 48 45 5 13 33 28 21 55 56
1 37 12 5 58 16 52 11 73 5 65 23 13 70 5 37 44 74 5 34 1 45 35 5 74 47 19 21 5 47 4
7 76 35 68 7 1 34 5 20 37 25 10 74 5 32 6 28 5 36 45 44 5 16 1 53 6 53 24 21 11 61
19 5 51 63 45 5 27 45 3 51 19 5 33 32 29 33 5 45 51 26 40 5 21 35 67 44 40 5 18 35 51
5 69 23 29 44 32 10 30 5 12 21 46 32 31 5 7 36 1 44 48 5 56 47 27 7 5 51 65 21 45 5
35 44 38 45 38 15 8 62 28 1 5 11 31 63 53 49 69 5 14 69 21 28 75 65 19 5 17 67 14 3 62
46 5 37 13 7 35 1 36 40 4 5 25 50 7 16 5 10 39 33 31 8 25 69 51 1 1 35 50 21 48 5
32 4 24 32 11 5 64 36 7 15 12 44 5 16 50 32 31 41 27 15 5 57 7 20 68 39 5 39 7 3 72
5 73 32 21 51 15 65 29 47 6 5 32 22 1 63 12 5 11 23 65 50 34 2 35 5 53 69 38 5 28 67
28 7 7 5 14 8 24 38 5 29 19 16 19 15 5 41 8 14 5 19 45 8 5 20 43 22 5 1 3 22 50
45 19 26 11 69 45 5 68 15 72 4 5 46 25 44 26 19 5 65 51 10 5 37 22 36 28 47 5 14 37 10
16 27 12 11 26 19 46 5 46 35 64 39 52 69 2 11 14 21 46 5 25 25 70 11 5 10 43 22 67 5 36
45 65 5 67 16 35 48 1 69 7 5 4 52 12 12 5 72 47 27 10 50 5 36 46 2 14 47 5 63 34 30
69 22 5 74 29 10 28 6 5 54 40 57 39 21 37 35 46 45 38 19 50 23 6 29 5 11 19 27 63 5 40
27 44 5 39 39 32 19 5 38 74 8 35 5 59 33 10 16 35 5 25 7 23 39 39 50 11 17 65 35 35 36
32 12 5 21 36 27 6 6 5 12 10 22 5 60 29 45 45 45 32 11 17 19 5 35 40 29 32 10 5 57 8
6 63 5 56 46 57 41 51 51 16 5 43 10 45 43 21 33 31 8 20 35 56 14 6 51 5 10 50 39 47 50
5 12 2 8 1 5 16 47 26 43 50 33 20 41 12 40 53 5 16 6 3 5 15 72 72 5 25 10 40 26 5
46 47 41 28 27 5 11 45 56 5 32 49 56 11 37 5 35 46 30 12 27 34 60 47 63 12 5 43 25 7 25
5 7 60 20 45 29 5 65 21 48 14 5 3 7 32 5 8 47 58 35 44 7 72 69 47 65 56 18 5 29 15
4 15 31 5 39 13 3 56 5 34 16 9 67 5 37 72 22 27 5 38 39 34 38 1 5 45 6 32 5 45 58
60 49 49 5 4 20 16 22 23 47 14 5 28 48 26 33 8 5 46 29 46 22 19 14 69 5 26 38 47 21 5
12 56 38 61 35 5 36 46 6 15 41 56 40 15 26 45 5 31 19 26 5 37 56 35 18 50 5 17 50 50 33
10 5 62 2 3 30 5 11 11 37 72 2 5 12 45 69 37 11 11 34 23 56 5 26 58 58 20 5 35 4 14
6 4 3 21 16 11 56 4 5 32 61 6 46 53 5 7 22 67 32 50 5 13 1 11 11 5 27 2 24 48 5
39 19 8 5 19 13 27 48 63 6 1 54 15 69 13 56 5 1 27 20 32 40 2 27 13 41 69 35 33 34 5
11 4 23 43 35 5 34 22 63 5 41 69 31 11 45 5 73 36 15 67 3 5 44 32 20 25 61 39 31 41 29
43 11 45 5 69 68 37 51 23 5 56 46 16 51 22 5 38 28 37 43 20 5 3 3 23 63 16 15 24 6 28
24 5 8 3 45 5 47 11 2 35 46 5 20 32 54 5 32 6 32 35 5 26 32 56 5 33 65 35 33 27 5
12 39 38 75 58 40 11 13 12 74 41 1 5 6 25 28 37 16 5 23 21 46 11 16 5 14 25 67 37 5 45
19 37 15 41 5 66 36 1 21 46 5 48 72 56 7 8 43 18 6 5 17 47 32 15 20 5 44 28 28 1 25
5 6 22 4 51 43 7 15 73 69 5 16 19 37 5 44 25 11 9 25 4 63 44 5 8 4 29 43 41 41 19
76 45 43 28 1 30 5 14 16 38 22 5 48 8 53 5 7 26 46 28 5 7 58 65 63 44 12 19 43 41 14
19 38 27 21 5 53 38 46 19 37 38 49 56 63 5 40 34 37 46 45 5 23 61 45 5 28 11 20 28 21 5
51 44 22 29 22 5 26 26 20 5 65 61 6 59 21 17 24 25 38 40 5 22 61 23 5 54 40 1 16 33 6
68 61 47 21 5 38 6 27 6 64 14 10 54 5 7 50 58 1 27 5 36 38 26 56 22 15 17 35 45 3 21
41 27 5 7 22 21 6 5 26 1 29 44 38 63 36 21 1 47 5 14 61 44 46 5 3 13 36 5 63 20 39
48 45 41 64 63 15 5 3 51 11 51 5 53 16 21 7 5 4 37 68 43 19 5 23 36 7 51 44 5 27 19
43 69 40 5 6 22 26 5 3 35 63 62 38 46 46 1 21 32 25 1 35 29 58 48 27 35 28 26 1 32 23
5 50 15 35 46 62 29 26 19 28 63 5 53 46 22 47 32 5 27 22 37 45 5 23 32 11 2 5 14 40 10
5 29 35 11 20 5 40 30 33 37 14 50 72 8 50 7 29 32 32 5 50 39 22 1 11 5 11 29 26 5 23
32 6 10 27 5 35 35 29 14 38 5 68 22 26 37 5 46 46 15 1 44 5 11 12 7 51 44 74 1 15 9
68 5 51 35 21 5 34 44 32 5 24 4 39 35 67 5 62 44 19 32 5 11 58 58 18 25 4 21 44 48 29
5 21 54 58 50 19 5 33 53 13 5 64 21 58 64 16 5 26 43 27 22 34 5 7 19 16 21 7 5 4 51
63 5 58 55 1 51 5 28 13 46 4 28 35 34 38 69 37 50 27 20 38 73 3 5 39 41 39 39 48 5 27
46 27 5 50 19 11 45 4 32 11 35 23 53 5 8 38 45 11 48 12 37 65 26 44 35 36 12 46 3 22 35
5 46 35 4 16 34 5 32 37 51 21 47 4 13 7 5 39 65 35 12 5 53 14 19 5 32 7 61 10 5 20
72 46 5 45 7 36 5 20 6 20 34 5 20 26 14 5 45 16 27 12 45 28 35 28 65 12 13 31 5 16 27
27 1 23 53 52 44 5 47 26 30 65 32 5 8 35 12 63 5 11 27 7 1 16 5 4 14 16 45 39 5 58
23 35 69 5 54 12 8 5 27 47 57 12 5 26 32 67 7 8 34 43 12 21 12 69 5 22 11 9 5 32 11
15 5 51 46 23 22 5 56 26 69 22 60 5 20 33 19 28 19 10 50 74 43 35 19 8 14 7 3 22 14 27
19 21 28 5 47 4 36 58 13 5 41 69 36 5 38 34 3 36 3 5 38 32 14 8 16 5 18 11 27 63 5
48 37 54 49 23 16 5 14 11 12 26 56 5 39 39 12 14 15 5 11 45 58 8 29 13 7 30 22 45 34 27
51 26 13 5 8 30 38 28 10 5 52 47 28 36 15 36 49 2 12 5 53 6 45 27 30 23 5 6 56 69 20
61 5 6 27 40 7 50 5 34 63 6 38 29 20 20 29 65 8 36 26 5 32 33 33 50 15 32 7 45 5 16
37 27 28 23 21 58 36 5 39 4 35 45 33 5 13 73 15 5 47 7 29 5 39 26 12 11 5 58 15 45 32
47 23 24 65 22 5 24 73 57 36 4 5 32 39 4 43 22 5 32 59 46 36 5 39 32 6 51 5 38 15 35
29 7 63 58 39 59 5 31 58 29 4 46 5 27 45 58 25 44 5 48 41 62 34 30 12 43 22 5 21 19 22
39 5 30 8 58 5 33 3 7 20 49 41 5 27 40 16 7 46 32 57 28 5 15 11 2 5 63 29 14 36 45
63 27 50 35 28 50 29 5 45 7 35 15 58 54 4 5 24 37 24 73 5 2 2 16 17 12 1 15 5 23 28
2 1 50 5 58 63 63 52 6 27 19 52 5 36 17 16 13 45 5 31 40 13 16 47 28 8 14 5 54 12 65
13 5 51 33 47 5 55 17 33 16 25 5 45 65 16 39 4 5 27 21 6 5 50 16 20 8 15 5 45 44 19
5 63 33 51 19 33 27 5 14 17 48 7 15 5 69 39 28 5 24 45 63 9 7 5 4 45 13 5 7 12 46
5 47 7 19 3 5 29 16 43 6 51 34 30 7 5 30 61 23 5 32 29 62 57 63 5 62 15 10 5 48 63
29 5 31 16 32 37 25 5 1 20 57 5 45 2 31 27 14 5 3 39 32 36 51 47 1 7 22 46 6 36 56
37 12 52 46 36 20 5 30 14 29 37 45 46 63 56 23 34 46 60 15 29 34 47 33 12 48 14 30 5 3 37
50 5 38 26 55 72 46 56 41 15 30 5 41 7 67 5 6 11 34 5 63 32 3 28 7 5 14 58 75 8 15
15 41 7 10 58 45 7 28 5 14 34 63 21 19 45 19 38 12 46 4 5 64 44 32 64 68 5 1 35 23 67
27 5 14 4 6 67 19 5 48 39 38 8 47 5 10 1 45 37 63 37 53 5 23 21 22 47 48 43 30 29 10
5 63 47 8 44 65 5 67 25 29 5 19 45 35 19 50 5 45 47 14 34 63 13 21 5 14 68 7 5 14 33
23 44 5 36 60 35 51 5 50 37 61 64 5 64 44 34 12 12 5 19 13 40 30 12 4 26 5 38 27 58 34
5 38 52 58 36 50 5 58 16 61 5 21 23 58 27 7 23 32 14 5 47 35 26 5 49 7 32 12 48 5 44
72 45 5 4 25 19 20 5 14 47 8 24 29 44 24 35 14 35 5 20 27 29 27 67 5 35 11 29 35 13 12
8 25 20 53 5 37 31 1 10 1 5 10 51 8 29 5 3 10 8 29 16 5 1 10 41 58 15 5 39 1 26
29 18 19 23 5 38 53 56 5 27 32 4 21 14 5 16 19 11 58 5 8 3 36 5 16 33 57 21 8 32 31
45 21 45 5 72 68 33 37 5 49 67 43 73 5 1 15 1 40 5 74 63 35 5 19 3 31 16 5 27 41 55
39 5 11 46 45 36 1 3 45 15 5 25 14 1 16 11 60 50 5 14 73 26 34 5 33 18 24 5 43 43 7
13 5 28 46 19 12 5 15 62 22 5 36 46 1 45 5 22 20 50 23 31 46 30 14 3 5 35 58 20 5 46
28 19 1 5 36 26 35 35 8 38 58 35 1 63 5 58 54 29 54 13 4 21 70 66 16 48 27 34 5 27 37
27 14 9 75 33 14 5 34 26 34 8 5 15 11 25 5 15 16 8 16 5 8 28 41 69 5 23 47 50 33 5
48 12 8 35 5 35 50 65 15 5 51 38 18 23 39 56 65 19 32 15 5 13 19 69 63 67 41 14 22 39 18
5 6 40 54 1 5 27 25 46 4 5 74 1 53 5 26 1 41 5 44 21 20 5 60 13 41 21 8 39 20 60
15 5 47 33 46 8 5 21 43 27 5 57 29 3 5 4 62 39 11 31 5 65 72 8 39 47 46 19 8 5 22
44 48 5 1 19 19 60 21 28 45 8 32 37 15 48 52 6 32 41 5 45 35 11 16 34 27 22 59 43 6 58
26 20 5 1 74 45 34 5 31 25 74 43 7 25 67 39 5 11 41 14 52 19 28 32 4 32 72 1 7 27 3
4 6 37 50 12 23 15 22 26 16 27 5 73 12 44 4 5 3 45 24 14 5 1 8 29 12 14 5 73 63 39
4 39 5 62 57 74 30 21 5 28 21 4 57 53 63 63 6 8 5 36 6 47 34 23 5 35 48 1 44 5 32
14 7 4 5 16 24 24 46 5 37 27 19 5 31 10 65 5 20 72 27 5 49 32 27 22 1 36 22 27 5 4
12 19 46 41 5 44 41 4 32 12 50 27 18 19 5 23 61 26 32 5 27 9 41 72 25 30 51 37 67 5 17
45 39 11 5 52 59 10 5 14 56 19 47 46 48 41 26 7 5 35 63 29 35 2 22 5 65 64 44 23 5 45
39 2 5 69 6 53 5 35 46 40 5 32 34 8 43 10 39 53 56 19 25 5 1 26 50 13 44 5 11 50 41
37 46 6 58 63 8 45 20 19 5 11 36 7 8 73 5 2 24 52 5 50 35 43 65 5 11 27 11 25 5 33
57 14 7 58 5 47 22 36 5 30 16 46 5 12 76 53 47 16 1 51 53 5 46 4 64 11 3 28 56 41 39
5 33 45 20 8 5 3 1 29 5 30 24 68 39 20 23 16 32 7 74 37 46 44 30 35 30 5 44 15 28 5
44 27 26 14 4 14 3 14 23 51 21 31 5 65 6 50 21 5 16 37 6 29 28 6 12 39 5 16 20 37 56
14 5 32 24 28 8 67 74 23 5 22 30 33 5 34 28 65 46 5 39 36 36 12 14 5 39 44 36 63 22 10
30 21 5 41 49 45 8 35 35 44 16 51 65 5 1 8 51 5 28 36 13 5 20 1 38 56 23 3 69 37 5
56 12 24 32 5 26 28 4 33 40 5 23 41 72 67 3 5 73 16 54 32 62 5 67 38 24 34 12 8 15 45
35 46 29 26 19 36 32 50 1 63 5 15 10 47 48 12 5 29 19 6 5 50 26 29 5 24 35 41 35 2 5
45 6 45 12 5 44 47 38 5 51 53 19 14 53 5 63 63 48 19 8 44 29 23 5 59 47 28 20 32 5 4
27 54 5 13 22 6 5 23 57 37 45 5 39 14 29 56 69 5 27 7 28 29 39 35 59 27 5 34 74 16 8
5 60 16 2 45 12 36 5 32 43 20 19 6 5 21 28 56 5 69 31 8 5 32 41 19 67 5 58 37 15 5
52 35 52 36 30 7 6 35 5 12 17 50 5 53 70 26 44 14 46 57 35 5 37 58 74 51 5 22 27 73 51
22 47 8 46 54 12 5 10 37 47 5 7 3 53 6 5 53 43 22 28 5 20 25 21 39 5 58 23 39 27 10
44 72 25 14 58 14 60 8 43 13 69 5 14 8 69 5 48 69 46 22 23 33 25 66 32 14 43 48 38 15 11
33 26 17 76 23 5 54 12 27 5 69 12 36 58 8 43 26 13 63 32 72 5 56 26 30 21 5 57 69 45 45
53 5 16 25 47 67 16 5 56 63 46 56 4 49 45 37 61 5 16 6 38 6 63 38 56 37 5 34 36 49 27
27 5 20 58 3 24 5 59 40 32 1 38 5 7 6 58 56 5 34 50 48 35 44 69 5 35 35 7 14 5 14
36 2 8 5 2 56 25 41 5 1 54 41 5 26 12 24 5 16 36 19 23 5 14 14 19 7 49 36 14 53 27
5 32 28 9 9 36 5 47 16 45 21 32 5 7 6 50 34 5 11 13 26 5 35 48 19 36 1 51 35 29 20
43 5 8 54 36 5 12 37 28 45 5 47 16 19 5 25 21 58 40 9 5 22 45 11 7 7 5 1 12 2 55
34 5 38 35 39 9 47 13 10 12 26 5 12 9 36 12 33 46 5 30 51 12 37 39 26 45 5 48 12 63 38
37 63 58 28 25 48 38 27 5 51 22 48 13 28 5 11 72 45 5 30 43 3 56 5 15 38 68 16 27 5 6
27 6 30 35 30 65 5 69 38 43 58 35 5 7 52 16 3 5 27 69 11 21 5 50 13 36 33 4 22 30 14
5 35 32 16 30 58 5 51 37 23 35 13 5 1 35 28 17 32 5 48 36 10 1 5 27 26 58 19 54 5 13
6 8 5 29 34 27 8 19 27 10 34 31 45 13 5 19 35 53 69 11 19 10 5 69 50 58 51 46 57 11 16
20 5 44 19 48 5 10 40 13 10 44 5 46 1 67 41 5 56 1 38 5 16 39 37 32 72 20 32 65 56 19
1 5 54 41 57 14 15 10 22 3 30 23 43 46 28 5 36 21 11 63 7 14 13 73 22 19 52 31 63 32 5
50 40 1 5 63 47 29 37 5 34 65 63 5 47 37 69 5 23 41 33 5 1 32 29 16 19 8 39 6 10 25
12 5 46 32 43 25 5 37 28 22 34 41 5 19 6 13 33 36 5 46 16 6 29 45 5 40 34 6 14 39 58
54 28 28 5 63 29 51 57 5 8 54 6 36 37 5 6 8 38 41 5 22 57 34 5 12 24 11 5 13 43 19
64 12 47 33 54 39 36 22 5 4 37 50 5 46 11 11 26 5 47 19 57 22 68 5 45 57 46 34 5 24 39
36 51 61 8 55 26 5 72 45 46 36 39 5 27 39 38 8 5 14 1 22 16 45 5 21 52 27 15 63 33 7
19 5 16 51 51 5 72 39 12 39 53 3 19 45 1 53 5 37 48 51 61 37 50 44 5 56 25 7 5 14 45
12 37 48 5 12 35 9 36 74 25 31 15 5 50 53 28 48 5 8 46 12 9 33 5 39 57 14 5 51 72 26
5 47 46 32 27 64 5 33 45 1 5 50 22 14 61 5 22 21 45 48 6 13 57 5 41 4 43 36 20 5 37
28 23 24 5 69 61 63 5 72 21 36 67 41 43 50 36 43 32 54 28 45 5 23 34 45 11 40 5 28 54 19
29 51 54 36 37 48 5 33 47 48 32 5 27 47 39 65 50 1 23 63 5 4 56 7 74 5 12 19 13 16 5
11 28 53 41 22 5 64 51 33 69 5 11 57 35 5 14 26 45 36 34 48 4 39 13 1 5 56 29 8 36 5
4 12 10 5 66 19 63 45 44 41 16 7 5 30 8 62 48 43 38 1 7 57 30 28 65 47 5 33 2 29 58
5 50 25 10 8 5 35 41 2 47 41 16 32 45 5 33 69 15 40 28 5 26 32 46 56 5 7 73 72 43 5
26 26 18 5 28 48 36 5 26 1 51 14 4 5 21 38 1 40 30 16 7 26 17 39 15 5 12 18 47 4 55
5 39 24 72 6 28 5 27 3 44 5 6 22 56 37 5 64 44 56 5 21 51 7 45 44 25 4 5 56 15 56
5 63 1 21 56 19 5 53 15 27 41 51 5 2 16 67 5 18 29 22 1 44 5 33 32 46 5 76 37 65 23
27 5 56 16 59 63 67 29 7 27 5 37 8 47 21 50 5 43 41 59 28 25 28 21 19 1 11 5 36 64 22
11 39 5 76 56 40 65 8 56 5 32 43 65 70 16 5 24 65 6 45 15 5 57 39 18 5 23 13 14 4 49
5 12 51 10 5 15 36 62 5 48 6 3 28 15 4 51 51 5 8 16 8 12 64 45 11 7 5 32 47 33 5
30 49 19 11 7 35 23 67 1 5 60 37 49 5 34 28 56 5 74 29 8 26 32 5 13 30 16 33 60 45 48
5 11 10 22 5 12 32 39 36 16 5 11 50 43 5 51 18 19 5 63 35 59 7 1 46 47 5 4 45 39 37
38 5 41 23 22 44 38 5 45 6 31 5 6 45 7 27 6 26 12 21 5 40 3 3 5 28 77 26 72 5 29
36 16 6 5 6 8 56 45 48 22 5 47 48 24 5 26 22 12 74 64 37 27 67 29 12 57 47 51 52 5 1
16 6 5 29 76 35 5 21 12 8 12 27 5 10 22 32 5 37 39 20 5 63 12 68 40 1 6 19 65 6 15
19 47 28 32 63 5 19 56 19 15 58 12 5 24 12 7 36 28 5 56 63 23 22 25 48 30 8 5 67 49 30
22 51 5 46 43 23 6 5 26 50 69 3 59 37 20 14 16 10 5 27 6 39 20 11 56 46 29 5 63 38 25
5 18 31 35 44 54 5 30 48 7 5 29 23 10 51 16 6 28 69 31 5 37 37 8 7 6 5 69 37 21 20
5 34 14 6 8 58 5 15 27 13 5 19 37 63 40 59 58 48 5 32 23 12 50 14 46 16 5 40 47 56 5
63 48 76 5 74 47 32 51 30 5 40 38 62 12 5 22 39 22 41 5 14 43 13 24 62 5 44 48 30 38 42
19 14 3 50 28 32 56 5 31 72 11 5 20 22 45 13 35 5 58 29 33 38 43 5 12 9 45 5 4 44 39
68 48 45 63 44 5 14 18 34 24 27 10 9 11 5 23 52 61 5 39 45 11 50 34 30 12 53 5 8 24 32
5 65 67 44 47 5 30 35 47 35 44 41 27 50 38 5 45 37 15 7 1 11 26 35 65 4 19 63 37 28 35
50 21 5 30 57 65 7 35 39 1 14 11 58 35 32 16 30 27 5 35 29 28 5 35 52 19 16 30 32 25 73
56 5 61 15 51 36 5 63 9 46 26 15 8 31 31 5 34 6 38 15 72 5 49 12 44 5 69 32 11 29 47
5 15 15 69 5 28 21 23 22 5 13 37 58 5 39 15 8 3 5 13 19 67 17 67 45 16 27 29 28 36 4
24 6 11 5 34 20 48 20 63 51 69 5 16 36 58 5 65 25 9 8 15 47 22 6 39 26 32 32 13 39 5
23 28 46 5 11 26 53 37 23 5 14 27 8 51 12 5 48 31 15 5 27 10 36 5 65 18 31 14 27 40 52
36 7 6 28 27 24 8 41 5 7 74 7 1 40 5 26 38 46 43 73 5 46 51 19 5 35 19 63 7 45 34
20 11 5 15 38 65 24 9 5 73 48 50 27 5 10 14 21 16 46 5 19 12 8 4 69 5 74 12 54 69 41
5 51 45 6 25 35 5 66 11 18 19 74 34 47 5 58 19 58 28 16 37 4 5 46 35 32 5 58 11 41 5
63 11 45 11 56 5 27 32 35 65 5 62 36 46 6 4 5 28 9 56 5 15 19 21 43 12 28 28 76 5 17
17 9 25 2 32 63 5 39 54 11 5 36 72 29 61 5 68 15 20 7 36 8 33 56 21 9 5 32 36 29 49
31 16 72 74 72 23 65 28 5 63 47 47 5 56 27 29 16 25 5 11 59 34 5 70 40 45 1 5 6 51 27
34 53 5 37 63 28 16 5 40 67 44 47 12 37 47 56 5 29 11 18 5 11 52 35 50 1 11 19 32 50 5
39 35 50 20 36 5 69 4 35 8 5 57 16 37 19 2 1 5 47 12 32 5 73 15 59 27 5 72 47 1 19
3 5 31 28 32 5 3 6 6 59 5 6 29 21 13 23 5 29 41 47 37 60 5 33 30 22 9 10 26 19 48
60 5 39 8 32 5 46 52 52 7 73 5 26 35 63 24 2 27 11 32 5 16 44 47 3 8 19 60 56 5 6
45 45 11 22 37 45 5 34 74 20 26 16 5 1 62 28 5 58 54 45 5 47 27 22 5 6 36 16 23 16 16
4 11 65 37 11 46 58 5 11 47 29 38 5 10 6 19 5 4 32 6 45 5 15 16 39 50 47 5 15 28 51
28 5 58 19 27 5 30 28 52 5 1 19 21 1 43 35 53 71 5 47 4 36 35 51 5 24 11 12 54 38 5
45 28 34 5 23 58 51 11 5 39 12 44 5 1 1 50 5 6 12 22 66 33 5 28 26 63 8 49 56 7 45
8 5 23 35 26 5 10 27 8 5 3 67 19 5 16 69 50 20 18 5 72 8 63 36 4 5 65 62 15 21 5
20 28 60 51 5 6 29 59 44 25 55 11 3 36 5 49 58 30 5 7 16 60 20 5 62 38 15 27 5 37 45
37 27 5 12 56 28 5 16 10 48 37 24 21 69 47 5 63 58 32 63 29 5 48 27 6 74 3 7 5 19 28
63 5 51 44 63 37 39 5 42 25 35 5 41 1 18 33 9 29 23 63 54 22 26 11 21 14 39 5 43 9 44
48 56 57 56 32 74 49 45 63 69 4 20 12 32 11 1 20 7 5 15 19 48 32 5 63 12 28 63 58 32 41
69 32 58 15 34 31 5 1 4 33 35 52 58 19 37 5 36 30 14 5 59 6 32 5 38 3 22 35 32 5 65
