1 2 3 4 5 6 7 8 9 10 11 12 3 8 13 4 14 3 15 11 16 17 18 19 6 20 21 22 23 6 5
9 14 24 6 13 25 26 27 28 6 22 29 13 6 13 8 30 31 6 5 32 32 8 22 6 33 4 14 9 34 35
35 32 36 6 28 37 37 6 35 26 38 31 34 20 39 13 6 40 41 10 7 39 6 42 43 8 9 3 13 43 6
30 27 13 43 6 10 42 44 11 17 6 45 34 24 6 46 26 12 47 48 6 49 29 50 35 11 10 21 30 10 6
29 1 51 5 6 47 20 52 50 6 44 12 11 20 53 6 36 37 49 6 54 55 56 6 42 51 13 28 34 6 26
45 35 21 57 23 49 18 58 17 54 6 15 22 57 6 56 4 4 49 17 20 19 28 53 32 10 6 20 37 59 6
15 45 8 6 15 3 52 6 11 8 45 15 23 6 34 15 60 60 36 6 46 56 8 35 22 24 11 18 61 8 17
24 49 6 42 45 37 21 40 53 40 15 6 8 42 12 36 62 6 34 4 45 57 11 55 49 27 6 10 63 9 40
6 44 18 45 6 26 38 34 64 13 6 17 63 46 42 49 51 30 43 30 28 9 30 6 8 46 65 50 39 45 46
24 13 61 39 45 57 47 36 18 4 27 17 17 16 65 8 28 32 8 3 63 20 6 4 22 34 39 14 51 6 56
17 45 17 9 55 15 6 46 10 9 59 6 50 23 28 6 11 20 17 45 18 6 10 26 28 44 6 18 3 21 51
4 51 12 6 8 17 44 27 6 17 20 56 6 64 9 49 6 56 53 53 6 34 42 20 24 28 55 22 23 23 6
23 24 45 16 42 65 25 26 6 12 9 15 24 6 12 26 22 66 30 17 50 3 40 6 28 62 67 19 49 6 48
44 55 61 24 6 8 2 34 2 6 37 40 23 4 29 6 45 23 45 12 17 29 5 9 6 3 8 23 1 60 21
18 64 20 13 6 28 12 26 65 6 46 4 9 15 9 6 64 37 12 24 6 14 5 15 68 62 6 11 46 3 8
39 6 69 11 44 33 8 4 16 11 6 8 54 34 34 6 8 22 50 6 40 55 26 16 5 6 3 28 22 29 45
6 63 53 55 6 29 55 14 20 34 28 47 6 53 4 30 6 41 40 69 35 6 12 9 30 35 3 6 44 13 37
1 6 29 60 24 16 23 11 40 10 50 6 46 3 11 63 16 28 47 46 25 6 39 44 65 6 22 22 8 6 22
49 1 65 34 6 4 12 56 41 18 6 63 23 36 23 50 39 15 23 17 57 6 30 31 8 59 38 6 27 70 44
16 26 6 25 20 46 36 16 46 45 18 22 45 21 6 16 13 11 6 34 10 50 60 7 62 1 49 44 4 27 30
18 48 26 6 21 40 53 3 39 6 62 1 65 35 6 64 71 9 14 24 8 6 17 47 68 54 22 11 29 38 6
42 47 40 65 43 46 9 23 24 6 61 17 53 18 6 16 1 35 51 35 6 10 37 65 16 9 50 36 44 13 6
8 54 17 4 40 6 20 42 4 53 23 6 8 1 66 40 6 21 7 39 19 46 6 57 44 62 14 38 65 11 44
57 50 52 6 62 16 28 49 24 52 53 1 6 12 21 31 46 36 8 38 5 65 27 17 11 22 50 60 40 55 30
6 11 35 5 72 6 14 11 35 20 3 46 6 22 11 49 64 30 6 4 53 20 3 6 27 7 11 50 35 67 40
6 37 34 13 6 13 56 21 47 6 22 8 45 6 18 69 24 30 6 52 41 38 11 24 29 34 43 34 40 45 65
16 6 65 4 47 33 56 6 67 9 37 6 60 24 62 6 45 20 67 42 30 6 20 40 45 6 73 20 72 6 61
12 47 30 37 6 20 41 39 49 44 25 17 19 72 22 11 46 6 38 40 56 6 15 74 34 69 65 6 8 42 15
6 23 15 49 50 4 48 16 55 62 24 12 62 6 9 35 49 6 30 5 22 7 49 46 15 15 8 13 34 64 64
43 33 45 6 22 20 55 47 49 19 24 52 16 6 50 22 13 47 44 6 22 17 4 43 11 49 55 44 6 35 55
44 6 67 57 19 6 69 69 23 6 14 46 69 68 22 8 65 29 39 6 69 7 56 6 64 51 24 23 6 24 53
3 3 6 17 26 11 6 8 29 8 6 65 15 56 43 12 17 68 30 6 49 60 26 69 22 24 42 6 47 18 11
46 64 6 27 24 55 6 34 19 5 40 23 39 4 56 19 7 44 15 6 17 9 29 4 17 61 45 36 35 27 45
6 45 55 7 30 6 28 11 9 44 6 5 38 4 46 46 6 5 10 40 45 6 29 44 54 6 29 12 12 39 17
25 59 48 8 1 6 50 66 4 30 6 45 37 75 6 22 10 38 14 6 49 23 8 6 12 13 26 36 6 30 4
2 6 55 11 60 53 59 44 5 6 25 56 16 52 4 6 26 4 21 6 21 2 34 31 6 21 34 3 70 6 45
8 12 6 3 42 29 40 24 6 28 30 42 6 3 30 36 16 20 30 17 6 4 44 3 39 11 6 14 31 20 35
30 6 10 12 55 42 7 6 56 16 20 11 42 15 19 35 30 6 45 74 28 25 6 20 4 1 4 28 6 67 49
47 6 28 4 15 64 30 24 4 11 64 29 6 74 30 49 6 5 28 8 6 11 17 35 12 11 6 8 44 64 65
16 6 36 17 46 38 35 25 10 18 6 5 8 1 56 36 26 41 4 6 49 48 19 56 68 23 18 6 56 7 24
4 48 6 20 28 20 11 22 6 65 24 16 6 49 9 39 23 4 6 30 21 9 64 69 17 13 61 6 4 61 30
5 46 6 51 53 9 22 33 6 36 49 34 6 12 35 75 53 44 6 5 42 13 4 27 6 50 47 24 16 8 8
57 22 23 29 22 12 6 10 42 68 6 18 62 17 22 17 6 13 36 65 6 31 18 61 34 42 6 7 39 64 14
6 2 52 22 6 20 36 22 57 8 47 6 46 24 69 6 40 56 34 39 12 6 24 10 30 39 56 6 22 4 56
9 48 6 23 50 35 56 65 49 27 19 55 60 20 32 6 59 24 29 67 51 6 3 55 53 53 39 65 29 48 25
50 13 40 23 10 19 42 62 40 24 26 9 8 37 6 67 55 9 6 11 57 42 39 4 45 13 12 21 45 75 57
10 10 51 34 23 6 50 20 3 24 64 44 28 22 3 6 23 9 44 6 30 27 4 47 6 24 53 10 57 6 26
15 30 56 51 6 56 7 27 57 62 6 7 34 23 3 6 37 64 4 74 30 44 30 6 33 43 53 28 1 6 15
45 1 36 6 49 34 25 39 12 6 9 57 13 42 8 44 39 56 45 42 6 31 9 35 14 23 11 39 45 35 12
22 20 46 13 44 35 8 23 17 11 45 10 53 26 7 19 18 29 6 64 8 67 13 1 6 29 69 64 6 53 65
21 7 57 15 6 15 18 10 30 6 32 24 18 3 6 56 4 51 6 59 50 75 8 67 31 20 6 9 14 48 6
49 40 40 49 6 49 65 14 49 4 39 6 13 16 4 12 6 10 30 29 3 6 7 10 30 10 6 24 4 29 45
45 6 45 10 13 23 10 23 56 11 57 50 18 39 17 60 48 64 16 10 6 7 36 9 6 75 13 13 11 6 69
29 8 28 39 6 30 75 22 28 6 3 54 32 6 4 16 36 65 36 3 12 3 18 19 9 11 35 16 29 54 15
10 35 15 1 34 41 30 12 6 55 61 46 15 6 4 29 64 17 6 28 19 61 29 16 6 67 12 37 22 48 18
75 30 18 34 22 45 46 22 45 24 6 60 22 23 42 11 20 10 3 43 15 70 24 10 38 6 15 15 30 65 6
49 36 33 75 49 26 44 6 65 44 14 10 5 6 19 56 55 29 6 43 7 4 6 56 12 35 6 20 51 22 6
24 22 41 52 39 24 56 42 6 5 45 23 27 23 6 46 14 49 13 6 3 39 3 6 31 39 4 6 30 35 75
34 44 6 56 23 50 44 64 6 13 40 50 28 20 49 5 6 34 18 34 67 6 28 32 30 6 24 25 2 26 22
28 15 13 13 65 6 55 52 31 30 18 60 6 60 53 30 6 16 1 34 31 6 34 66 10 28 11 57 73 6 49
64 13 22 6 17 30 8 8 21 21 65 34 6 5 17 17 37 16 6 35 55 62 20 6 67 20 20 2 6 55 68
12 49 6 36 48 29 23 24 46 23 6 5 34 9 6 9 10 28 6 8 3 43 56 67 6 71 22 18 37 5 6
11 30 4 39 55 6 46 1 11 27 10 30 14 22 22 6 55 10 19 16 34 8 8 11 3 6 3 19 1 22 6
45 44 55 5 22 13 45 32 48 46 40 17 54 60 56 6 63 35 57 50 18 7 14 29 56 6 15 26 14 5 5
29 62 59 50 25 19 6 4 37 7 6 53 49 1 40 6 9 56 64 16 5 63 56 60 14 18 2 48 5 49 1
48 18 9 12 27 29 75 49 6 64 12 53 45 45 59 3 22 67 49 10 46 24 4 54 25 41 10 45 6 16 26
22 49 18 29 24 57 39 41 3 48 44 4 1 44 35 47 30 56 6 9 39 14 3 29 27 3 66 21 56 6 57
26 28 49 34 23 3 45 1 6 3 44 23 40 6 73 26 3 24 40 6 41 31 17 41 12 6 2 46 64 6 5
15 15 6 18 39 30 55 50 7 64 49 6 50 28 45 51 54 9 16 6 18 8 9 13 49 6 49 3 34 6 66
21 9 6 4 28 1 60 3 6 18 22 22 24 45 25 59 19 7 22 28 6 23 36 7 62 27 6 10 49 45 66
28 6 19 46 22 12 58 6 41 24 11 6 18 26 10 56 34 6 10 8 43 6 3 4 33 6 22 33 66 12 44
42 45 67 39 6 46 34 44 6 43 28 61 6 14 15 28 6 19 46 73 6 28 28 12 6 68 4 73 4 39 6
20 11 1 62 20 44 25 51 6 23 15 69 68 15 10 15 10 48 6 22 61 35 6 17 48 31 44 6 53 32 15
6 48 10 12 6 32 54 22 53 74 6 4 28 49 39 21 35 53 60 76 50 57 65 6 67 15 64 18 42 6 16
37 25 34 6 5 24 9 12 13 6 8 27 23 17 6 49 8 23 29 11 22 55 42 7 55 24 6 48 23 65 6
27 22 29 39 40 6 29 23 28 57 30 30 8 45 64 22 22 24 6 44 11 13 30 40 51 51 53 6 45 19 12
6 67 10 44 12 6 18 67 13 44 8 6 26 11 66 43 28 6 17 18 28 54 6 15 23 22 51 49 6 65 50
20 4 45 67 39 6 37 38 23 8 6 36 4 30 25 20 6 56 69 44 70 18 6 27 60 12 1 54 10 43 3
43 52 1 4 3 56 24 50 56 62 53 4 30 3 21 6 62 59 10 7 51 1 63 6 13 51 26 45 6 44 30
10 27 6 5 40 3 6 20 18 19 44 19 6 64 50 23 18 8 6 18 22 50 28 6 55 3 24 6 50 49 16
29 43 18 19 34 56 35 15 6 51 24 39 9 39 39 12 35 5 29 6 35 19 17 6 63 49 7 24 6 49 3
49 48 56 6 32 46 61 19 60 62 56 55 20 65 6 8 45 21 35 6 18 44 18 13 6 67 46 9 10 53 6
45 46 22 30 13 18 51 3 30 14 14 46 6 63 42 22 15 6 68 28 29 12 6 30 27 51 24 8 6 29 44
53 55 4 65 46 64 7 4 3 66 45 6 11 43 35 47 64 69 29 24 47 6 3 42 25 28 6 50 17 47 12
8 6 26 24 1 6 39 55 28 60 6 18 22 34 6 35 35 29 65 9 3 60 15 6 19 24 56 4 6 62 69
20 68 6 45 26 15 1 6 34 12 18 13 57 6 44 48 65 6 42 45 9 6 61 13 51 11 62 6 17 42 29
19 9 10 53 6 53 49 62 60 29 6 65 5 22 22 13 16 22 40 44 10 40 38 12 43 6 30 44 20 43 56
22 49 15 37 11 28 6 15 30 7 46 60 6 59 53 63 15 51 6 13 5 12 21 31 1 73 5 12 22 22 28
6 49 34 30 35 36 6 54 25 28 6 22 20 9 25 22 6 10 64 14 6 15 39 10 53 53 29 30 46 65 56
39 10 6 66 3 13 36 56 62 47 44 6 41 4 30 17 35 8 39 60 9 6 47 41 45 17 36 25 30 17 56
6 66 7 37 30 50 6 13 28 10 38 37 72 5 50 6 29 17 2 65 6 3 28 1 12 10 6 12 10 28 6
21 5 56 6 64 17 24 40 26 7 26 42 6 49 66 1 8 6 4 51 49 8 54 41 3 38 51 30 6 53 9
10 51 37 13 3 42 37 15 9 14 47 37 36 56 4 6 44 56 48 6 16 64 13 64 34 6 48 48 40 30 75
6 56 34 25 6 37 44 21 12 6 11 17 41 42 6 51 49 16 39 38 15 20 27 24 6 39 18 49 9 15 27
30 61 21 21 20 50 6 23 13 52 8 6 30 30 40 45 29 9 43 6 28 3 5 6 29 17 13 56 46 40 26
50 6 44 47 65 30 46 6 46 16 56 6 22 40 17 18 63 24 11 11 6 28 26 23 6 29 54 22 22 6 44
1 23 11 6 18 34 10 6 34 21 23 17 13 10 22 9 6 42 22 36 61 6 35 36 16 46 44 47 29 25 54
53 6 33 8 57 46 55 13 54 56 37 43 6 19 4 62 6 28 58 23 35 8 11 46 67 36 6 13 56 56 44
61 6 35 50 37 6 16 4 52 20 53 6 29 3 22 57 3 44 23 54 12 10 34 1 22 28 9 11 6 29 16
4 15 4 4 1 36 45 6 67 23 17 56 44 6 53 36 44 18 6 43 16 28 26 26 3 3 14 30 6 66 43
14 62 13 30 6 56 30 43 25 8 6 11 37 9 35 6 62 12 28 1 11 6 3 56 22 46 20 6 53 10 21
30 5 74 17 20 6 47 16 64 44 6 3 12 55 3 6 3 44 37 63 40 6 18 28 42 42 15 6 34 17 65
30 12 22 21 7 6 67 49 66 6 44 72 18 37 12 6 30 28 74 6 67 53 24 6 38 35 64 8 6 45 30
55 9 41 6 57 5 50 18 45 48 18 45 69 6 44 26 18 6 24 13 45 23 6 15 13 1 35 6 3 5 57
20 56 36 42 9 7 6 37 63 12 6 5 34 33 66 6 26 52 30 23 39 6 30 1 62 21 40 6 10 18 51
30 36 6 18 47 29 6 17 1 23 9 43 6 51 44 57 4 44 49 65 28 6 35 17 50 19 47 67 16 3 1
6 34 18 24 14 8 6 2 20 28 6 28 35 36 69 39 6 4 66 15 6 29 5 5 12 6 45 5 62 28 66
57 41 10 6 43 34 23 1 39 11 17 8 70 6 21 35 46 62 3 6 67 23 1 56 56 56 6 34 38 53 37
30 18 11 19 6 17 42 64 21 6 41 20 19 23 6 20 30 23 25 28 6 30 37 28 6 17 1 21 6 15 30
26 17 24 2 28 22 40 6 34 3 65 57 6 64 10 62 40 64 6 31 64 28 6 40 51 69 25 6 28 42 65
6 21 27 5 59 9 65 65 35 6 69 15 8 29 67 30 20 16 26 48 34 30 6 76 57 49 51 41 30 65 28
68 67 34 21 36 53 50 10 11 15 40 49 59 31 24 24 21 6 44 1 65 2 56 13 49 39 29 6 44 3 29
39 54 6 48 64 54 1 3 11 28 64 26 20 43 29 50 6 13 66 26 76 6 52 35 57 20 20 26 42 37 42
7 7 6 63 44 40 6 7 28 9 38 6 5 59 69 27 20 23 35 72 44 5 56 20 67 22 49 16 37 44 21
10 6 49 44 40 16 25 51 5 6 13 28 50 6 13 4 59 29 6 56 45 23 52 6 45 23 22 20 28 46 37
65 5 26 6 3 16 29 47 6 40 49 47 63 39 17 12 45 56 53 12 6 34 30 52 61 6 45 51 9 6 57
5 29 46 29 35 42 8 6 75 43 29 18 6 53 20 44 6 18 28 48 6 10 35 29 45 6 39 3 26 6 50
29 18 6 53 46 24 19 45 30 49 55 51 52 36 39 39 8 49 22 39 47 48 75 37 10 6 30 55 5 35 23
6 3 18 45 50 27 51 8 4 39 9 6 19 10 50 55 45 6 21 10 60 4 46 66 4 6 65 53 13 69 6
20 8 9 25 6 44 47 7 6 28 28 56 23 39 63 53 42 6 22 57 5 26 6 60 34 67 6 24 15 24 24
6 22 31 30 11 4 6 20 26 64 8 12 6 4 28 10 6 11 30 53 37 4 66 11 6 66 49 60 21 67 6
25 25 44 6 13 29 60 28 6 29 1 28 6 64 67 21 44 17 64 29 6 69 50 16 6 69 24 46 65 6 9
3 49 57 25 6 26 23 15 39 6 33 42 29 10 6 8 23 3 54 64 52 28 53 3 74 9 7 34 34 6 7
27 19 45 6 16 48 43 6 49 47 29 61 59 6 75 43 13 65 30 6 21 15 46 39 69 22 34 24 4 11 46
49 6 1 55 7 6 8 34 59 20 11 29 23 75 6 3 23 21 37 6 56 29 33 6 14 10 11 56 56 6 30
9 35 6 24 67 18 1 69 23 11 29 45 6 61 36 17 6 20 25 9 6 9 65 63 21 6 35 48 1 23 69
6 65 67 50 6 45 44 24 23 44 36 74 13 75 55 49 14 6 18 16 15 13 6 22 2 39 19 17 6 45 44
3 6 14 40 23 30 24 6 56 19 59 11 29 6 12 28 54 23 57 45 8 44 42 6 62 67 75 6 50 19 27
35 49 6 34 23 23 19 45 34 35 55 49 13 19 9 28 6 48 17 21 57 6 39 16 54 6 20 10 25 64 6
17 61 22 54 34 1 16 63 9 6 43 60 29 55 6 46 45 53 53 6 53 9 31 48 28 6 49 9 59 67 6
30 21 17 69 4 15 62 6 22 29 13 22 6 46 64 28 6 37 42 3 49 15 6 11 40 44 69 26 6 40 64
22 29 6 52 30 21 45 42 12 13 42 18 35 1 49 6 30 17 47 69 6 30 1 26 6 30 29 61 6 14 37
45 22 56 6 9 55 45 23 22 6 56 45 35 43 47 26 51 20 6 13 34 47 6 51 23 22 6 9 10 30 13
6 17 52 22 42 24 20 21 57 6 30 11 67 1 50 6 61 41 13 3 6 23 12 11 8 69 6 53 45 56 6
64 33 52 12 49 60 45 19 6 21 52 69 24 43 39 19 46 43 28 6 23 3 23 15 6 34 15 65 6 14 10
46 2 6 41 8 18 47 60 45 56 26 4 6 13 34 35 51 15 6 57 45 12 22 26 6 50 50 62 12 8 6
67 37 49 57 3 8 39 13 6 60 75 34 69 6 26 24 75 44 12 6 11 11 10 9 8 6 49 12 47 22 6
40 24 49 3 6 4 39 54 65 34 52 16 19 6 16 18 37 17 6 4 8 3 6 17 66 67 6 22 1 46 65
62 39 39 6 13 42 13 6 48 40 26 6 30 11 7 13 28 39 41 6 11 45 40 9 23 6 34 40 69 6 23
21 17 34 6 9 4 45 40 43 65 60 60 6 3 37 13 49 53 45 20 4 6 26 17 44 8 45 6 53 1 8
6 35 26 59 6 61 21 30 12 15 12 6 49 28 56 16 14 58 24 53 48 57 11 7 50 6 61 8 48 45 12
75 39 35 28 75 6 39 55 62 3 56 3 53 46 22 37 44 53 1 5 55 20 48 19 43 6 27 39 28 10 6
49 16 39 65 24 12 53 51 44 16 35 64 38 51 17 8 30 1 7 34 6 3 18 56 6 53 56 26 28 6 63
22 21 36 76 47 57 49 6 3 7 11 44 44 45 7 9 6 29 34 61 6 26 47 46 49 22 6 44 51 25 59
1 6 4 18 44 10 10 6 5 10 12 44 19 65 75 6 26 45 10 4 42 21 28 39 67 16 15 67 50 50 64
33 47 30 21 54 19 18 22 6 34 29 10 4 44 6 30 48 11 27 16 34 10 40 40 14 6 35 39 3 34 39
13 22 29 16 69 6 13 30 28 1 38 15 69 43 34 6 65 51 26 6 10 48 36 58 6 18 8 29 30 31 26
3 5 11 46 14 16 49 10 16 57 36 4 44 1 30 53 46 57 6 35 41 5 13 6 2 18 53 17 12 56 6
21 51 41 45 22 6 53 7 48 70 6 23 30 13 22 23 6 22 35 8 13 4 6 47 10 3 28 6 40 13 26
26 9 6 28 4 39 6 50 40 22 19 40 46 27 17 6 12 18 60 54 56 6 17 69 11 26 6 45 64 45 6
54 35 26 6 48 60 51 19 6 24 70 34 10 6 57 41 36 6 56 21 56 26 13 4 7 75 65 20 30 44 47
49 47 10 64 6 9 64 10 6 16 22 39 6 53 28 22 6 67 11 29 46 19 6 65 43 28 57 44 6 44 30
19 1 6 26 4 47 24 46 31 29 50 6 53 20 7 7 53 6 12 1 22 31 6 60 3 25 16 39 41 39 41
4 11 14 4 6 16 20 12 53 6 23 62 27 6 17 47 22 11 56 6 19 34 5 41 54 6 58 3 42 15 6
15 30 29 6 1 13 7 42 46 66 39 8 56 43 30 6 7 60 51 6 22 49 15 3 6 24 46 22 62 10 6
1 3 9 22 17 3 31 3 44 25 26 69 18 30 62 10 31 28 6 26 14 69 6 21 19 8 21 41 6 4 47
46 6 43 13 29 49 61 6 43 15 46 60 8 26 46 9 35 6 3 16 21 4 6 47 23 12 6 17 64 16 51
37 6 16 13 4 47 6 21 66 61 47 6 35 13 12 17 11 6 44 11 48 6 37 15 15 3 4 30 12 6 39
11 56 60 6 1 24 48 75 1 6 56 3 39 18 4 6 5 28 26 16 13 20 21 65 19 30 64 6 30 24 64
4 27 47 34 16 37 6 64 57 15 4 6 33 25 49 34 44 6 5 20 24 37 62 6 12 10 30 6 23 63 28
44 6 65 61 1 24 34 6 57 34 49 59 30 53 29 6 24 24 60 6 2 13 5 28 12 6 18 58 28 49 12
6 63 66 2 27 34 6 53 8 20 22 17 6 10 45 59 1 23 6 54 63 28 39 15 1 1 45 7 40 54 12
11 6 1 55 21 3 6 24 69 30 20 39 12 53 6 44 20 66 23 23 6 65 20 13 10 6 24 67 27 29 6
11 28 40 11 6 22 28 7 22 11 59 29 6 28 23 34 11 6 45 26 18 49 23 39 30 44 6 23 15 1 3
21 6 9 23 63 34 46 6 56 7 3 27 44 42 65 28 6 4 24 40 19 2 36 73 57 39 49 47 6 40 45
69 47 5 6 40 8 5 13 6 55 1 13 39 50 6 37 23 22 45 53 10 74 51 6 10 42 29 15 6 16 44
45 6 18 15 48 53 42 34 43 44 6 56 28 51 11 20 6 57 15 10 23 49 6 4 25 21 29 1 6 38 26
28 66 12 6 57 13 36 28 38 6 25 11 37 22 6 44 15 44 6 62 18 31 7 71 10 49 30 67 12 44 11
6 26 5 18 28 20 6 21 12 31 44 3 45 39 57 6 55 40 10 44 14 6 41 22 25 8 14 6 64 5 34
6 67 75 74 67 49 6 9 37 57 16 6 17 40 48 1 23 3 10 34 42 68 6 48 10 24 6 39 3 51 6
33 20 21 6 40 21 5 21 22 6 34 49 18 16 39 6 1 16 22 8 10 35 50 57 4 6 24 34 11 16 53
50 25 39 6 3 45 67 4 21 6 28 28 1 19 11 6 9 45 12 16 6 26 30 46 13 6 8 62 60 64 6
27 38 5 6 10 45 20 7 6 23 49 23 39 42 58 6 45 23 39 30 6 10 21 4 6 54 56 37 3 6 26
60 65 6 16 17 42 9 48 65 64 19 6 46 34 41 5 6 16 25 35 29 6 3 17 13 21 37 30 44 17 63
11 51 18 56 3 24 14 67 20 6 53 5 38 11 64 34 46 29 15 57 41 65 24 57 4 18 6 22 8 47 6
11 15 22 19 6 15 18 27 40 6 9 33 50 9 6 12 46 28 56 47 6 64 37 21 44 3 35 1 10 22 6
35 35 39 3 69 6 39 8 3 21 48 20 20 20 6 24 69 65 13 6 16 42 24 6 19 39 58 47 75 6 67
12 22 8 27 6 36 43 9 35 17 6 8 55 8 15 12 21 50 26 25 64 6 13 46 30 3 47 60 46 4 6
17 54 37 37 6 57 4 49 49 65 6 53 8 23 11 53 29 46 53 26 6 51 67 11 3 49 9 25 4 6 49
56 8 21 53 6 21 7 34 40 1 6 36 44 29 8 23 6 38 68 34 42 6 3 15 75 13 16 18 18 61 15
1 6 56 11 17 7 20 6 22 3 28 42 69 6 35 5 51 5 3 6 50 53 20 35 8 55 75 39 22 54 6
28 42 56 63 30 4 53 9 6 13 37 35 8 11 30 1 56 41 35 42 1 39 6 50 7 20 6 36 56 14 26
56 6 21 35 30 6 3 20 56 16 43 6 23 7 23 9 30 6 23 7 58 6 27 22 4 60 76 44 44 6 23
10 14 14 4 13 65 20 6 36 42 60 60 6 70 12 66 6 69 39 23 74 49 45 35 23 48 6 65 40 25 6
64 30 11 11 8 16 34 12 6 35 10 45 65 64 6 51 22 44 6 45 23 67 5 23 15 32 29 25 6 22 13
70 6 40 8 20 29 37 28 26 64 6 47 65 4 25 13 6 8 38 3 6 44 29 74 1 28 62 53 23 19 38
28 24 6 13 48 40 6 56 56 22 34 56 6 16 50 10 22 38 16 55 6 20 55 64 6 61 39 47 6 50 29
37 25 6 15 38 45 30 42 50 36 6 16 30 19 6 46 16 69 46 15 15 34 57 12 23 20 15 24 64 9 50
28 6 51 8 66 47 65 26 51 46 8 6 47 8 14 6 34 17 16 1 42 6 20 23 34 9 6 28 53 15 15
51 29 39 73 8 67 64 53 30 6 44 57 26 14 6 15 1 64 11 42 6 15 15 4 6 56 76 7 28 6 49
41 31 6 20 12 29 6 65 30 1 47 31 12 56 6 2 25 34 6 8 64 39 6 43 8 24 5 1 11 48 48
13 46 65 66 14 6 19 40 44 36 9 6 54 14 28 54 6 67 35 3 35 25 6 4 8 38 48 40 46 66 63
29 63 23 1 22 3 29 48 28 8 3 14 43 46 9 6 55 8 65 6 42 36 53 54 13 6 28 26 29 49 6
12 48 40 26 24 49 15 56 6 9 44 42 37 26 6 19 28 65 20 59 6 17 10 48 3 55 35 8 5 6 67
14 14 45 12 6 39 9 61 6 30 60 45 29 6 66 24 39 6 51 7 3 67 18 15 44 6 46 64 76 11 6
29 7 13 6 11 44 5 6 47 29 8 23 6 52 18 5 30 6 27 10 25 23 29 53 13 57 6 43 38 17 29
52 6 33 51 53 9 6 18 39 3 12 9 45 35 19 57 6 40 53 46 3 46 42 44 6 60 34 55 9 13 6
64 8 45 12 64 20 9 7 6 31 9 29 55 39 15 26 18 69 6 20 46 49 75 6 53 48 38 27 6 69 64
47 6 29 57 18 6 50 75 12 69 6 19 26 48 44 22 19 45 34 45 6 29 29 67 70 6 9 10 55 62 6
3 22 49 6 24 35 64 46 67 15 11 44 6 25 17 75 39 8 6 17 34 53 49 6 12 31 69 6 19 3 14
20 56 47 21 12 6 55 22 64 6 39 11 65 29 10 6 15 56 29 6 13 22 26 46 10 6 64 62 28 1 28
33 69 3 5 15 28 41 34 22 53 63 12 64 28 62 44 35 6 10 29 36 39 20 6 29 23 33 16 67 28 31
29 68 7 6 28 30 37 6 53 65 30 5 69 6 34 10 64 6 28 7 10 9 6 30 29 53 40 23 6 24 8
27 12 57 69 3 6 61 59 51 53 21 20 12 63 22 8 19 17 6 33 46 53 47 45 35 45 36 29 6 53 48
48 6 59 3 49 61 1 1 5 53 6 3 65 8 35 12 6 28 67 34 6 59 36 8 6 50 18 66 46 53 6
39 20 18 6 11 13 14 6 34 15 38 7 6 43 66 22 34 34 67 31 6 22 41 28 20 16 12 13 57 27 18
25 18 6 8 35 13 13 34 11 56 6 39 3 4 21 6 22 20 61 69 52 6 44 35 14 45 9 55 66 24 29
44 51 39 6 34 48 44 28 6 11 36 34 6 42 24 10 17 6 29 39 34 8 74 19 35 13 6 9 4 49 6
11 57 12 45 6 72 69 29 60 62 6 61 67 4 6 34 33 35 6 30 28 54 63 12 28 34 30 44 35 6 3
10 12 12 53 36 20 6 24 3 18 17 37 11 55 34 47 17 18 16 23 38 42 45 42 8 4 22 23 57 49 34
5 8 36 21 20 29 6 20 26 51 51 42 16 75 6 3 32 45 6 37 34 10 18 6 24 18 66 6 12 64 20
16 29 67 65 45 17 6 20 44 13 67 56 9 42 11 28 40 6 20 13 48 6 36 54 10 6 10 35 58 47 11
6 57 23 46 6 47 66 3 4 17 6 24 65 44 6 17 26 44 32 6 33 39 18 4 30 62 47 44 47 28 4
28 16 6 20 23 8 29 6 1 57 61 9 6 46 39 9 6 3 57 26 1 22 65 11 22 37 16 6 39 17 29
54 40 6 20 10 20 26 43 6 29 57 18 56 6 3 11 48 19 4 53 57 26 49 6 46 31 57 43 3 37 30
1 45 57 18 44 52 6 20 60 17 37 34 8 35 24 13 6 53 10 4 22 24 6 30 76 28 10 3 6 39 26
3 65 11 49 29 9 47 6 61 29 45 20 6 30 44 67 54 45 37 54 6 40 75 4 14 6 56 64 3 10 6
66 17 34 6 53 65 24 21 6 16 22 40 18 44 6 28 22 7 51 6 51 21 42 69 30 67 24 10 62 7 28
29 12 6 65 4 51 15 6 17 34 39 28 30 6 49 22 3 61 3 1 42 20 28 39 37 50 35 65 6 12 30
46 6 34 29 57 20 28 6 22 40 11 49 44 6 62 48 46 18 6 3 12 56 56 44 34 54 4 23 54 28 16
26 6 57 57 4 46 31 6 62 57 17 6 42 17 5 1 28 12 6 53 49 8 8 75 59 42 50 6 53 10 9
30 22 3 23 50 6 13 50 43 6 45 5 28 51 22 6 10 13 3 28 5 6 29 13 40 67 6 30 10 53 6
22 3 40 51 62 67 52 41 30 6 26 1 56 6 37 4 1 4 6 47 47 44 6 28 56 64 4 69 12 46 6
24 63 65 51 6 27 28 37 6 49 34 26 24 23 6 20 23 14 30 21 6 44 44 5 42 29 48 49 56 21 13
67 6 24 11 10 40 30 6 15 21 17 2 59 6 45 22 55 6 53 13 41 48 6 18 3 39 50 40 22 51 50
49 48 37 44 4 26 31 4 20 13 10 23 12 29 23 17 27 30 12 47 17 45 3 11 35 46 44 53 35 3 6
24 44 22 8 75 18 28 3 6 45 13 33 49 4 6 50 21 46 50 43 6 53 23 13 5 6 4 34 45 6 19
30 4 29 30 6 5 19 64 35 18 22 69 40 1 25 57 60 34 13 6 62 55 3 6 3 10 13 44 50 6 31
7 50 9 65 6 8 29 4 67 6 29 45 62 7 30 67 46 6 65 5 11 5 10 16 29 69 14 12 30 8 6
5 44 32 4 4 6 29 23 12 23 29 6 28 18 56 56 22 6 48 40 46 22 6 21 37 39 12 13 6 16 67
35 51 76 6 47 18 46 46 68 6 49 28 39 63 19 27 67 56 64 8 8 26 6 13 16 9 58 6 34 50 8
38 28 4 23 34 6 29 56 29 6 26 12 42 6 13 54 36 9 12 6 56 15 63 45 13 6 49 50 44 11 6
50 1 9 50 6 35 56 18 27 53 6 26 68 45 44 3 48 23 29 69 30 17 40 48 61 17 43 42 4 39 44
65 26 53 33 75 6 4 53 31 9 48 3 6 34 36 15 25 44 6 45 18 12 7 65 39 1 64 6 8 44 68
11 6 25 26 12 49 6 37 5 38 67 34 3 20 20 51 4 45 5 18 3 6 49 12 56 6 47 28 49 46 6
36 54 45 6 13 46 34 6 37 69 5 67 44 6 16 42 41 65 1 6 36 24 50 74 29 11 16 53 40 63 53
12 6 59 40 24 60 49 6 19 34 34 56 13 28 57 65 14 6 17 25 10 63 3 6 42 36 1 6 65 29 37
21 28 6 60 22 21 11 16 37 45 50 1 13 1 9 5 65 22 23 6 29 61 59 1 53 17 57 65 64 54 30
46 35 18 8 3 76 57 6 22 26 17 20 45 6 9 29 4 19 6 45 59 64 6 40 47 13 8 39 29 32 43
6 54 29 62 30 6 19 30 18 1 56 6 4 49 35 61 3 6 50 55 3 43 65 22 53 6 50 15 31 18 64
54 15 54 71 22 26 44 6 61 44 3 34 4 8 24 49 6 69 14 48 65 30 6 39 8 54 4 28 6 4 15
57 28 54 6 64 3 28 6 47 28 16 40 38 6 66 29 35 8 6 43 1 7 4 20 49 10 23 21 6 37 26
40 4 14 56 9 4 6 69 14 22 43 22 6 55 64 23 46 6 8 23 26 8 6 45 15 11 23 6 8 9 49
35 31 35 17 13 6 11 4 46 56 16 6 4 22 56 34 65 6 10 19 7 57 22 6 1 22 1 8 56 6 61
17 30 47 31 53 57 8 6 19 27 22 59 49 6 13 10 30 6 66 18 8 50 6 4 19 61 6 61 45 4 63
67 6 47 11 17 38 39 6 37 21 8 6 35 12 69 1 3 22 51 6 42 53 34 6 5 19 26 6 12 67 69
42 23 6 44 47 24 63 6 23 64 49 69 45 44 4 6 8 40 10 29 8 6 3 15 37 20 69 6 64 25 75
6 30 45 50 6 56 44 26 26 22 39 28 72 30 6 9 47 40 13 6 63 49 15 8 57 36 47 8 54 22 50
11 6 63 29 46 67 40 30 5 19 6 36 52 71 6 34 44 4 6 60 3 28 67 8 67 44 12 56 39 3 36
46 16 65 31 64 6 17 18 30 6 36 21 55 30 6 30 45 12 23 34 6 7 61 28 6 1 46 18 30 6 16
12 39 8 3 6 21 35 9 47 6 24 22 63 21 40 23 26 17 13 19 12 30 17 38 1 35 6 13 8 53 22
30 31 29 17 13 36 6 20 3 17 28 6 13 9 17 6 10 56 31 13 6 12 65 12 44 6 46 7 3 6 45
7 56 67 42 29 17 33 56 3 6 69 49 35 39 57 6 11 56 29 25 25 3 35 28 23 28 28 6 59 24 29
36 16 47 12 42 39 48 13 6 49 37 30 6 39 42 58 46 6 13 9 34 37 6 40 39 56 14 14 6 8 3
40 6 4 36 29 42 28 6 8 69 35 11 6 50 57 9 34 11 4 30 6 42 15 42 46 45 6 40 47 54 23
5 6 57 31 46 6 59 3 20 10 6 60 10 45 56 12 6 29 63 60 6 45 22 44 42 6 17 50 32 24 35
59 19 46 9 45 12 3 6 4 25 18 6 33 9 34 9 3 34 1 8 6 42 54 55 20 6 53 21 35 34 56
6 43 24 40 47 13 6 39 49 45 43 40 28 38 9 40 49 30 10 46 24 52 7 53 8 13 6 55 40 37 10
9 6 74 40 42 65 46 6 23 28 72 6 13 69 66 6 54 12 28 9 46 6 39 53 41 11 9 20 26 10 18
2 11 6 49 66 18 17 6 34 24 47 22 51 6 13 12 29 53 6 65 10 8 34 17 27 46 12 26 6 39 55
10 4 6 16 51 22 54 6 23 35 61 21 16 6 37 64 13 55 44 6 24 9 56 40 28 22 29 45 59 22 22
57 48 66 50 67 55 10 45 27 51 49 30 39 38 41 6 60 68 46 25 6 22 56 50 6 3 33 36 45 30 6
3 31 62 6 28 56 34 6 40 53 30 44 11 6 45 10 16 52 37 46 5 6 18 59 31 17 35 6 35 56 9
6 28 16 46 58 6 14 72 54 1 6 64 10 46 18 6 24 8 44 22 45 56 45 3 6 36 20 56 6 34 12
57 35 6 51 34 30 6 33 3 25 16 10 75 56 50 12 16 19 6 14 61 24 45 6 15 50 16 56 6 5 44
57 20 1 6 46 56 49 6 69 62 43 8 36 6 3 10 3 53 16 6 29 21 20 65 6 12 50 7 34 23 53
57 17 11 12 17 45 20 6 10 29 42 26 6 46 44 30 6 34 57 34 50 12 53 37 8 6 3 25 21 36 3
6 17 8 66 72 24 24 43 47 44 10 6 32 7 48 6 4 36 51 4 6 39 3 69 35 12 40 6 10 33 43
6 4 31 24 26 6 63 67 59 10 6 18 30 4 74 14 6 62 36 34 6 56 22 45 20 67 41 6 12 20 20
1 10 6 44 8 69 6 8 73 37 42 6 64 53 37 6 29 69 29 17 23 54 40 44 50 45 6 44 50 44 4
36 63 46 65 51 21 13 6 5 35 34 6 67 69 22 22 9 28 73 69 8 47 43 22 39 9 12 30 6 34 10
17 23 29 47 62 49 6 29 30 39 3 7 11 13 30 53 6 47 63 64 6 68 5 45 28 6 8 8 53 30 61
6 62 5 28 30 39 6 15 8 41 38 6 28 11 74 53 69 19 35 62 6 4 62 46 17 6 3 14 40 69 6
23 13 15 40 16 6 14 21 11 6 28 9 5 6 39 74 20 3 65 6 57 22 8 20 6 19 72 13 8 30 17
67 42 52 20 56 48 4 6 20 16 35 56 8 33 21 12 1 17 65 12 8 65 41 22 10 29 56 12 8 3 50
30 6 9 13 53 10 6 26 31 5 17 6 65 30 20 6 28 49 40 16 6 21 28 9 10 16 40 18 27 17 6
27 66 56 29 6 40 15 57 10 6 4 19 66 6 18 3 15 10 16 8 74 49 6 46 15 23 27 59 6 50 29
30 34 6 16 28 56 6 3 3 52 49 23 6 4 25 22 29 39 13 6 15 22 18 64 6 59 18 40 39 6 26
45 8 47 49 6 4 4 18 59 6 17 18 46 29 6 8 60 8 48 21 34 23 67 6 36 4 26 6 26 50 67
9 6 63 27 5 75 6 4 24 35 13 6 67 13 22 6 13 45 36 22 43 30 1 6 67 15 35 34 41 8 44
4 30 51 53 45 66 37 24 11 60 3 9 39 44 9 6 21 41 53 12 45 19 47 67 6 25 76 40 6 39 44
71 12 11 60 6 49 48 56 29 6 3 16 30 44 28 6 53 3 23 28 6 20 45 27 54 70 46 6 36 9 3
16 6 16 23 65 3 13 6 26 44 8 29 6 16 12 22 21 49 5 35 21 62 6 32 53 4 6 30 5 4 2
36 45 20 4 44 29 44 70 8 43 35 3 20 65 21 26 10 69 47 25 30 23 51 6 40 39 20 6 30 29 35
6 28 34 16 26 17 6 30 67 3 6 3 49 36 6 22 24 23 50 11 29 11 2 40 42 17 44 42 28 69 6
54 12 5 9 12 6 44 24 28 8 6 20 66 58 42 22 6 21 5 23 12 3 28 23 29 15 24 29 45 11 34
64 6 47 57 32 3 5 21 37 24 39 53 6 3 54 37 23 27 13 13 13 36 6 48 65 9 36 25 32 22 28
64 1 34 21 6 10 30 18 58 35 5 61 45 40 16 6 55 11 49 26 29 54 24 28 6 23 19 39 6 3 24
12 3 3 6 24 45 53 34 11 3 4 16 57 68 23 67 6 1 1 46 29 17 6 30 48 69 44 6 10 24 57
11 12 6 14 18 45 11 6 17 66 60 9 6 52 22 35 44 39 15 41 10 31 18 13 44 45 6 15 48 51 54
26 6 35 26 43 20 50 65 44 19 6 34 22 13 20 69 6 56 30 51 49 20 9 3 30 6 43 18 19 6 64
49 12 30 6 29 40 18 6 50 41 24 22 58 49 3 10 36 6 45 8 10 64 25 6 10 14 34 3 23 6 14
28 7 76 6 20 39 63 59 74 6 51 46 25 10 5 53 51 39 6 60 46 27 6 4 27 16 6 15 7 49 6
64 8 18 6 3 60 40 6 42 8 51 4 6 45 22 67 6 22 26 17 45 63 45 28 6 12 10 67 6 57 22
1 40 28 6 36 15 45 6 62 44 9 45 37 34 45 75 40 6 20 12 33 24 75 19 36 11 12 3 13 16 6
7 17 25 28 6 57 57 7 31 50 35 51 6 22 34 34 6 22 50 23 6 65 19 35 28 18 37 8 6 20 53
21 30 6 50 52 30 37 11 22 1 18 6 45 5 1 6 9 23 44 61 45 20 12 4 44 6 63 11 16 40 9
8 47 49 3 26 2 43 29 25 28 12 3 67 6 51 71 56 21 12 60 47 48 6 1 45 8 17 26 6 17 49
5 4 6 26 44 3 13 30 6 46 28 44 13 23 6 22 63 12 24 24 6 29 1 57 46 28 28 23 28 6 44
41 22 65 6 29 28 21 63 16 6 64 12 18 69 6 13 10 47 57 48 3 50 19 44 6 47 8 1 36 63 6
11 1 27 56 75 6 30 67 8 26 13 44 3 15 39 4 3 17 6 29 65 42 23 41 33 57 3 4 52 6 36
14 5 54 34 6 1 39 58 30 15 6 49 35 30 44 22 6 15 26 45 42 6 28 12 35 26 9 6 49 46 3
4 6 58 42 11 29 4 53 45 45 23 6 17 67 4 55 6 75 39 22 28 20 6 47 22 3 8 6 61 8 22
48 6 11 42 19 31 16 6 12 67 46 55 34 6 13 3 13 47 53 4 6 49 48 31 16 20 6 37 57 46 25
13 6 68 29 65 42 63 6 12 18 17 25 69 6 68 40 53 22 15 62 57 66 26 13 6 55 3 48 6 7 73
36 74 31 62 12 16 55 56 16 53 6 12 50 63 29 28 6 17 53 4 23 67 6 46 65 9 6 10 3 30 66
50 6 3 20 17 45 40 57 6 74 8 31 8 20 30 6 8 53 34 6 46 51 8 62 6 37 12 35 6 23 49
36 17 60 6 5 76 49 9 53 8 45 3 6 64 26 23 36 67 6 53 55 69 6 17 4 3 6 40 66 9 6
13 48 19 64 6 57 15 45 6 7 10 20 35 6 34 69 42 44 42 36 29 21 6 26 58 22 35 6 12 34 11
6 3 13 64 17 6 39 46 29 19 29 19 6 74 8 55 12 16 6 7 48 4 50 6 1 46 30 22 6 18 16
50 6 64 63 49 10 6 3 57 49 13 6 23 4 29 45 13 73 20 32 5 6 24 10 12 4 15 6 49 8 3
6 67 36 49 21 69 6 32 57 10 6 10 29 69 49 6 65 18 1 36 23 1 22 49 6 8 3 45 69 50 6
9 25 18 16 69 6 22 12 16 15 11 6 12 41 42 15 33 6 4 30 43 6 51 4 4 42 11 31 13 28 16
6 56 45 11 53 43 6 26 11 22 6 8 34 69 6 28 29 37 10 26 18 38 6 8 22 24 6 49 28 23 64
28 6 1 54 17 4 6 26 26 3 6 45 56 56 47 30 6 11 54 26 23 32 6 24 51 34 18 28 44 31 61
21 21 17 24 49 19 6 47 11 46 8 6 74 25 36 13 6 4 15 29 28 6 1 12 22 15 40 29 20 22 15
45 6 11 10 39 30 17 45 18 6 15 10 3 29 9 69 35 63 44 52 42 6 20 64 40 28 55 3 21 64 15
56 34 6 42 44 68 9 39 6 10 28 45 18 6 3 26 8 20 40 44 29 19 35 5 29 6 24 35 54 3 6
46 63 20 39 7 11 9 6 16 45 17 56 17 6 63 22 11 18 73 17 42 22 6 46 65 67 34 6 16 49 62
65 62 46 72 22 21 6 4 3 4 22 6 25 21 41 18 56 6 56 5 61 9 51 75 58 62 26 14 12 65 66
1 41 6 8 50 40 26 6 51 22 54 6 50 15 45 8 6 45 1 3 1 13 8 6 8 30 67 6 9 17 45
16 6 40 40 24 6 8 35 40 6 8 1 26 28 6 36 4 21 29 36 6 19 23 31 20 6 69 2 22 20 36
34 67 13 6 64 13 74 41 9 6 46 59 55 45 6 13 7 11 6 11 17 42 24 6 19 34 42 38 24 6 46
65 43 10 19 9 26 23 24 12 31 19 20 56 64 24 7 28 49 18 6 56 70 54 30 6 52 8 2 18 61 45
27 16 6 45 47 25 6 50 10 16 51 6 8 15 5 3 13 6 5 12 64 8 6 29 42 5 19 43 21 15 42
48 10 6 12 24 20 39 6 63 67 46 44 9 6 34 12 36 67 74 6 45 72 53 17 21 6 67 18 13 10 54
6 16 20 26 13 51 28 8 6 11 55 9 19 57 6 46 11 56 7 18 36 53 23 6 14 53 29 1 6 58 40
48 3 49 6 26 2 68 29 40 4 3 21 36 29 56 67 13 6 22 11 44 8 65 8 10 56 49 54 65 45 67
6 30 46 52 6 53 13 73 6 54 26 57 53 6 62 26 45 6 17 2 18 30 51 47 36 14 6 28 56 18 37
6 69 26 57 69 10 55 67 6 30 30 19 20 15 6 13 18 49 30 6 57 19 18 5 35 6 37 4 55 30 11
6 39 14 62 45 6 24 36 12 3 11 24 63 48 26 44 13 41 6 57 23 34 6 60 8 61 30 6 28 22 15
8 16 18 6 28 9 26 9 25 51 45 23 6 11 5 34 6 26 53 24 57 46 6 50 48 16 1 59 6 37 24
38 6 34 49 19 23 43 45 30 7 16 18 23 42 63 44 38 6 60 30 56 6 4 25 49 61 75 6 33 28 11
6 12 46 65 6 22 20 15 6 55 69 22 12 6 19 20 21 57 29 15 44 12 5 24 28 3 8 6 16 45 28
6 40 35 40 46 35 7 26 4 6 28 28 24 13 22 20 18 53 20 6 68 12 22 49 4 6 37 51 38 13 17
6 17 56 28 13 23 45 56 6 24 3 15 48 6 8 5 34 12 6 8 38 22 40 26 75 10 21 40 19 28 50
29 29 11 6 19 64 55 28 3 10 72 20 5 6 25 13 51 23 5 6 35 30 28 6 54 26 52 18 7 44 57
6 77 10 49 6 28 3 45 8 24 5 42 9 6 28 1 28 5 6 22 36 35 23 6 4 36 50 37 49 6 30
18 3 6 45 7 19 36 53 23 40 16 6 16 38 12 37 6 7 19 42 69 35 45 8 31 23 1 6 46 12 51
53 7 62 26 11 65 6 9 12 8 17 22 55 51 34 6 50 49 56 13 31 30 8 21 6 10 13 11 44 8 6
45 4 4 44 19 24 21 10 65 6 48 10 10 40 7 50 56 29 17 16 44 43 6 52 40 4 42 5 22 6 7
51 36 66 6 16 9 29 6 4 69 14 6 1 65 36 34 6 10 53 54 65 16 15 21 1 6 26 20 29 5 24
36 47 39 48 47 16 18 30 6 17 21 16 6 23 3 32 6 63 24 18 65 23 29 67 6 10 39 12 2 23 6
3 22 43 4 12 4 3 6 27 22 14 51 6 44 31 12 9 22 23 43 24 34 1 45 4 4 14 54 44 74 6
15 30 30 17 23 57 49 36 6 30 46 13 4 57 6 53 16 40 62 6 44 4 36 6 49 55 15 6 20 45 3
11 4 10 4 64 39 40 6 3 59 18 60 35 1 51 46 4 47 38 19 18 34 48 42 13 26 40 60 66 54 49
2 28 6 37 39 30 34 8 31 40 17 44 67 44 3 21 17 12 40 6 15 37 61 24 6 39 42 10 20 16 29
9 24 41 6 59 56 56 6 53 16 56 35 6 9 2 47 20 6 11 4 46 22 29 6 5 57 10 45 23 6 34
37 67 51 8 44 29 18 24 44 17 10 6 15 45 37 42 6 32 62 65 48 5 17 24 20 6 65 51 67 8 3
6 10 20 16 57 8 56 3 9 49 6 65 29 67 29 23 56 28 54 6 11 13 38 19 6 41 50 15 28 8 6
5 36 3 7 12 6 40 14 35 9 6 16 57 23 19 6 24 40 20 10 6 35 3 50 3 4 69 29 19 6 63
10 1 6 28 13 67 30 6 49 55 64 6 56 15 57 22 47 6 8 60 67 20 6 48 28 9 10 6 57 57 26
12 51 30 48 11 6 57 26 3 6 61 17 37 52 6 56 49 62 23 67 5 4 30 6 20 13 46 23 55 6 63
55 29 43 66 6 46 39 55 57 60 44 17 4 39 30 7 34 35 6 14 50 18 8 53 6 3 45 17 6 40 35
7 17 16 34 6 69 67 53 13 39 6 29 64 11 16 54 6 14 13 33 6 37 24 3 22 37 14 65 6 3 33
25 44 24 9 10 12 6 29 7 56 36 65 6 56 36 56 28 30 23 42 6 16 65 54 57 6 67 57 15 12 64
11 25 11 30 6 48 5 74 10 49 6 64 36 18 53 34 4 21 25 4 21 44 9 9 1 53 49 6 11 3 26
6 49 37 3 41 6 13 57 38 6 39 28 9 42 30 4 48 28 6 42 11 22 34 3 28 3 19 58 28 6 9
29 45 16 28 6 30 8 45 16 17 6 75 49 70 69 11 62 24 56 14 63 6 15 3 49 54 28 30 45 29 6
51 14 16 49 67 32 69 23 29 1 42 6 28 21 54 30 40 6 19 11 55 6 19 13 64 20 30 16 36 6 48
43 13 55 56 64 69 51 6 46 29 14 8 6 36 2 30 6 35 45 46 6 12 63 17 6 11 46 53 29 4 42
11 12 6 56 28 64 43 6 53 9 25 34 67 4 12 44 4 6 13 56 12 6 51 14 44 44 6 20 30 29 26
6 63 25 1 41 19 6 16 7 18 57 6 5 8 47 4 77 25 42 6 67 10 55 32 49 6 17 3 10 29 12
6 42 33 11 6 11 42 25 65 55 56 20 40 46 6 28 12 13 6 15 22 13 4 6 3 19 65 18 45 6 21
63 57 30 6 57 24 12 1 23 20 6 47 65 63 1 24 6 2 36 51 52 6 16 55 40 27 6 26 39 24 61
28 6 52 7 44 47 66 71 11 23 1 20 56 49 53 26 45 48 60 6 22 37 67 42 6 2 62 66 12 6 64
46 18 6 44 39 45 60 3 6 39 10 20 15 11 6 53 23 11 6 7 65 35 46 9 16 38 35 50 6 15 42
45 6 23 11 47 59 8 6 66 10 18 18 35 6 72 37 8 8 6 16 10 56 16 40 42 55 1 30 39 13 25
29 45 37 11 3 6 43 42 15 38 13 12 31 6 44 67 4 62 22 30 20 25 11 12 30 64 7 6 15 55 45
6 5 3 29 6 9 13 40 69 6 1 15 8 6 22 13 49 46 9 10 34 6 14 45 64 10 76 59 1 64 15
12 6 61 46 46 36 20 6 12 12 51 31 20 34 13 20 15 53 9 57 44 19 6 1 4 49 66 65 65 6 70
20 30 16 26 6 57 19 3 30 22 6 13 55 34 6 30 73 39 27 50 6 24 46 29 6 52 57 34 26 4 40
16 39 35 6 10 34 49 27 26 6 22 12 19 62 25 6 52 35 53 67 23 3 4 6 26 23 17 17 6 7 36
10 47 8 25 39 65 30 6 39 73 46 6 34 53 20 6 10 22 23 6 16 30 10 11 47 3 25 27 50 18 36
23 8 37 3 6 61 12 53 58 66 5 74 43 73 67 22 31 33 6 53 9 39 49 6 65 29 12 6 19 23 39
13 40 6 16 21 39 42 6 22 50 34 25 6 22 53 11 42 77 45 55 35 44 44 10 17 56 14 21 22 51 1
2 23 11 6 28 10 22 6 51 22 39 44 6 37 12 13 17 5 6 49 64 17 39 20 56 8 62 29 1 49 56
35 6 10 10 1 10 31 6 18 22 20 12 28 19 6 35 23 22 11 48 6 19 15 49 6 7 62 18 9 12 6
22 52 28 6 49 5 16 6 26 3 36 34 6 51 22 1 55 37 8 35 40 6 40 49 4 10 14 47 28 13 4
27 6 12 51 33 30 6 11 4 22 46 35 43 47 49 6 26 39 30 23 36 24 47 3 9 46 9 18 1 6 48
43 40 8 30 5 19 65 29 21 67 13 6 60 39 13 51 16 66 5 28 6 49 16 22 6 11 30 36 12 75 6
45 7 29 29 6 22 44 18 3 56 54 56 14 35 6 22 21 30 20 20 6 12 15 51 6 17 34 15 56 55 6
34 72 48 6 46 65 45 25 6 23 62 44 4 24 46 17 63 30 16 4 22 45 6 44 7 7 37 9 6 14 19
22 6 44 30 50 7 46 4 9 45 39 24 39 6 57 30 46 36 6 45 3 33 75 13 10 39 6 18 13 21 6
9 14 18 6 8 35 46 46 36 6 37 30 9 24 29 45 14 42 13 47 6 44 21 49 19 35 23 16 66 30 55
53 10 8 5 44 1 6 3 4 36 35 6 56 22 39 27 30 9 49 6 10 23 61 15 46 56 30 9 14 47 13
37 13 4 6 35 35 30 6 22 40 59 56 3 6 44 28 53 5 17 11 30 8 35 16 22 6 31 12 19 16 46
4 54 50 6 39 46 11 8 50 53 6 3 67 25 14 24 44 23 3 41 6 40 65 46 45 23 6 45 58 13 6
46 11 60 2 6 57 57 26 7 30 4 13 9 6 13 29 49 4 6 35 10 12 14 6 5 35 38 64 15 28 69
15 30 35 34 32 1 20 28 6 42 36 21 13 13 6 9 48 3 6 39 55 56 13 6 30 11 3 37 62 9 49
12 39 50 22 20 22 6 67 20 16 20 34 57 52 3 20 17 66 6 36 47 28 56 46 10 39 26 30 43 23 6
26 11 67 6 60 72 14 6 20 26 28 65 29 6 8 21 44 6 14 69 14 6 50 16 24 53 6 49 65 15 53
46 62 51 46 4 6 53 50 53 30 4 5 56 30 29 6 13 20 49 35 65 6 28 26 26 49 17 6 30 76 50
29 30 6 69 36 35 50 6 30 35 48 6 18 16 20 49 13 34 8 8 6 12 19 34 13 19 4 24 6 9 18
38 44 53 19 28 74 3 9 28 6 20 22 23 61 56 22 47 76 6 26 10 7 28 1 57 49 53 6 34 8 23
21 43 6 4 10 48 6 45 51 10 13 59 6 4 18 46 49 40 8 6 22 52 23 37 6 64 12 12 30 6 45
19 13 37 6 37 12 21 35 6 29 12 56 2 6 24 3 53 67 3 3 6 24 67 12 4 55 13 64 9 51 10
6 35 7 9 13 29 6 32 7 18 57 40 10 21 28 6 36 4 15 6 7 12 22 50 10 34 34 20 8 3 6
26 4 13 15 6 56 66 68 39 4 6 56 70 12 6 37 30 65 6 30 12 18 4 33 29 16 6 29 14 30 59
18 73 7 6 16 23 29 51 6 62 16 39 47 13 18 20 65 6 55 54 19 22 6 62 65 24 6 16 48 9 56
45 25 12 53 16 63 22 12 76 14 34 39 12 39 36 34 1 6 4 57 12 56 45 43 68 6 23 40 75 59 6
44 69 35 6 60 8 25 9 30 6 53 21 7 6 55 64 35 49 19 35 41 28 12 58 34 67 27 7 59 5 6
10 17 14 6 3 39 49 9 13 11 5 5 6 26 45 18 13 6 56 46 30 53 22 27 37 12 12 44 47 56 62
6 30 48 29 13 29 6 53 19 36 17 49 6 50 38 3 6 26 56 54 67 37 6 66 33 39 21 56 23 33 18
12 6 66 10 44 6 29 8 8 30 6 22 47 19 32 6 22 22 35 11 6 3 18 34 63 29 56 60 8 22 9
6 48 26 49 6 57 25 15 30 57 6 22 64 22 23 44 9 23 34 49 26 67 6 46 10 56 6 43 10 10 3
6 36 53 69 6 8 54 52 9 24 6 47 1 18 61 73 6 43 61 14 44 48 36 38 22 38 12 30 6 53 50
42 20 28 6 11 56 39 25 12 6 16 54 17 56 9 6 66 65 11 42 6 29 9 31 23 25 9 50 53 53 69
6 48 39 59 6 40 39 45 6 42 13 39 6 25 9 27 36 36 9 2 6 23 68 54 8 17 12 69 49 9 6
53 9 21 67 6 8 8 12 6 64 72 50 56 41 9 46 28 6 60 57 26 19 30 6 28 4 18 1 6 3 20
14 58 6 8 26 22 6 28 48 28 26 6 49 36 26 26 6 62 18 50 28 6 3 23 56 26 65 16 62 6 48
46 12 3 6 39 66 29 56 59 37 3 30 50 64 10 22 60 34 66 20 4 34 6 49 44 40 15 1 30 63 6
75 25 19 6 21 44 9 30 45 6 34 43 23 6 28 19 49 3 22 6 27 56 42 6 15 66 28 6 42 24 20
15 36 6 39 1 44 45 51 13 8 28 15 50 17 6 28 45 68 34 6 34 30 51 6 76 17 35 34 24 38 1
21 62 6 72 4 16 8 22 19 56 28 53 56 50 6 18 34 49 6 56 53 46 26 51 50 22 3 8 29 6 14
28 59 61 19 23 9 28 36 23 6 22 30 47 6 3 28 36 4 24 6 16 20 22 19 42 6 34 17 53 59 6
12 13 10 20 3 6 45 12 60 29 4 57 63 52 6 40 47 21 6 17 53 34 6 60 4 40 16 6 42 12 30
5 6 44 16 45 6 13 19 22 56 6 53 50 23 40 14 15 63 17 6 4 74 55 34 55 29 61 63 11 23 19
6 69 56 43 13 26 48 8 29 44 6 57 34 11 6 2 12 4 10 6 34 22 4 50 6 12 19 45 56 28 6
28 3 54 6 44 15 64 22 6 47 8 65 8 63 17 73 62 43 51 41 40 11 34 64 6 4 45 22 10 16 16
69 6 16 22 8 52 8 6 44 14 11 36 24 63 8 33 29 6 8 56 30 6 48 56 13 25 56 18 13 13 53
20 6 8 39 52 65 30 16 51 21 13 23 13 51 6 5 46 23 38 45 6 9 29 30 59 34 9 44 56 55 15
6 49 34 52 6 14 51 3 39 1 6 18 47 65 34 1 6 48 26 23 47 18 6 69 47 30 6 5 39 25 44
59 6 1 45 3 28 20 56 17 6 34 21 29 23 6 64 14 44 29 65 6 45 45 56 2 6 30 55 22 6 23
3 12 28 6 36 68 10 30 6 2 5 8 49 25 6 48 5 46 13 7 41 45 46 64 41 65 63 10 20 64 29
4 62 17 3 45 49 26 4 19 6 44 8 23 61 23 6 46 25 19 8 63 9 57 49 35 36 37 6 17 35 40
47 42 6 47 28 20 29 44 6 13 19 19 26 25 6 50 56 65 51 42 26 30 6 62 55 62 6 28 56 59 6
38 20 13 6 30 38 46 22 6 13 4 25 8 6 3 50 3 6 69 2 29 6 13 30 8 46 10 37 9 6 9
66 45 9 46 6 22 69 36 56 10 61 16 29 6 41 8 20 22 38 6 7 11 65 42 6 3 20 49 69 45 6
55 25 57 6 53 11 17 6 11 13 9 6 53 13 63 29 40 10 57 55 15 53 40 25 15 6 21 9 53 45 6
47 45 25 7 6 27 38 32 9 38 63 6 29 41 65 46 6 10 69 7 18 23 11 64 6 38 45 72 4 11 6
53 16 39 6 63 48 47 49 6 22 7 49 7 49 6 63 66 26 6 41 74 8 6 33 56 53 56 28 53 17 34
9 39 28 26 59 6 53 39 48 44 3 18 33 18 4 6 15 34 13 6 4 31 23 72 6 14 15 39 17 67 6
13 39 30 15 46 6 21 1 64 21 34 37 61 6 72 40 3 8 29 5 37 8 23 6 36 7 3 36 23 6 67
20 45 9 30 6 13 66 56 22 6 13 1 69 50 61 25 70 18 6 35 20 26 6 1 75 11 51 30 23 69 21
45 3 34 3 53 48 17 66 56 6 42 53 18 11 20 3 6 72 69 18 21 6 35 16 23 49 6 4 34 7 6
46 18 18 53 49 17 3 6 23 24 26 6 3 56 23 16 6 68 51 11 43 12 60 18 17 73 54 40 47 49 25
51 6 51 55 29 10 6 30 55 46 67 6 63 46 11 6 65 10 55 23 9 24 6 41 49 63 3 6 4 65 26
6 1 39 67 6 29 12 25 24 22 66 15 10 28 20 6 65 30 15 5 28 69 12 17 27 36 52 11 6 27 4
9 6 26 10 3 6 28 2 18 9 18 8 12 29 61 6 23 8 3 5 22 13 19 6 11 45 22 6 34 67 69
6 2 17 56 6 46 28 53 23 17 6 11 23 29 11 6 9 53 21 6 7 9 19 59 34 54 53 37 6 22 69
8 40 6 37 17 63 51 6 28 28 12 1 11 6 9 7 45 18 44 34 9 6 36 10 45 42 20 52 29 52 8
57 5 6 42 67 50 6 18 24 28 6 35 30 18 30 64 6 44 5 49 49 15 6 30 43 34 39 39 6 16 62
3 39 12 21 45 9 69 6 42 19 42 18 51 50 1 29 11 6 40 63 24 23 6 57 60 19 27 21 6 36 5
8 34 67 34 26 34 61 53 50 4 11 50 39 15 49 8 34 28 48 49 49 15 13 43 65 41 29 22 43 47 46
75 49 50 65 22 35 30 8 6 51 30 4 34 6 56 22 34 13 6 22 22 26 8 6 28 22 29 17 50 38 9
5 9 12 6 77 46 34 6 60 76 22 21 46 4 4 6 20 50 24 6 54 1 29 37 56 6 28 24 33 37 48
6 29 22 22 35 6 18 56 30 44 30 6 49 45 23 34 50 6 48 10 39 39 6 11 9 45 28 67 30 6 56
1 21 6 59 22 3 31 31 61 56 10 15 18 39 59 24 17 6 63 24 9 6 28 63 57 1 30 13 50 64 6
9 4 53 13 6 37 44 26 21 6 45 10 46 15 9 42 75 35 6 60 65 3 60 47 10 61 47 6 68 50 44
6 25 4 28 34 30 6 22 3 17 31 6 3 30 46 42 44 48 27 48 57 10 51 37 6 27 12 24 44 6 48
64 14 4 16 6 19 63 31 6 8 60 34 6 37 21 28 6 40 30 46 5 53 6 56 28 22 5 4 14 3 9
6 30 8 36 44 66 65 51 36 6 8 51 67 6 49 30 35 6 37 4 9 6 9 37 53 6 43 67 1 6 39
52 8 64 64 44 30 35 3 56 44 6 39 29 1 53 47 34 6 39 53 56 44 42 31 41 18 28 36 44 12 3
6 10 22 27 6 26 39 45 24 30 6 4 43 23 69 6 10 57 18 66 6 46 48 28 7 6 29 29 9 67 13
53 50 6 46 34 10 13 6 36 59 24 7 7 26 7 6 39 61 48 22 57 21 35 17 67 73 43 6 28 53 20
15 17 51 6 10 23 13 56 67 44 30 6 57 7 23 45 58 6 41 8 49 11 6 28 53 21 6 52 10 29 6
47 41 50 6 29 35 34 22 6 21 23 13 56 6 59 28 23 23 12 9 57 40 65 65 7 56 60 4 38 50 10
46 23 60 6 61 4 47 17 64 6 37 65 22 45 21 6 49 13 13 51 6 30 1 48 6 49 64 4 10 11 6
3 22 9 18 26 19 45 34 6 27 60 29 6 14 17 14 3 6 24 57 75 47 25 53 6 44 39 3 6 35 51
26 22 59 6 21 25 54 65 6 37 9 57 29 1 44 9 41 6 9 24 45 46 39 37 65 20 17 6 65 11 1
34 11 6 44 49 49 6 10 8 28 23 1 18 35 45 42 17 45 31 34 6 13 7 30 4 23 60 36 64 6 23
25 18 3 64 21 35 32 44 49 6 13 49 30 55 6 34 21 48 54 11 6 54 38 68 14 15 1 64 29 36 6
3 7 3 29 44 6 65 17 57 24 46 21 45 6 17 65 47 19 45 6 56 8 43 9 46 6 62 31 4 6 42
30 22 46 1 6 40 38 39 61 29 6 4 18 56 13 32 75 44 8 55 6 13 56 4 6 9 46 46 25 39 6
30 59 45 29 21 6 53 24 30 10 6 56 51 34 33 53 6 12 3 28 62 44 38 16 19 4 10 29 34 14 25
30 9 6 30 4 18 6 25 53 24 21 8 6 3 39 40 4 6 12 24 16 3 37 16 38 4 3 64 10 38 24
29 19 6 55 1 8 46 5 6 49 20 49 6 51 57 18 13 20 6 35 39 1 56 10 9 18 15 60 24 22 59
56 13 3 6 35 17 26 11 17 6 64 35 19 9 10 6 37 20 15 6 19 23 15 57 4 27 47 52 17 21 28
10 6 9 69 29 6 41 15 37 6 17 11 26 30 6 53 16 11 13 26 6 10 12 8 23 4 8 6 34 29 27
29 6 49 48 50 6 9 50 7 13 6 22 54 8 44 20 42 13 45 48 6 67 35 23 18 40 61 36 47 6 11
5 29 34 20 6 24 65 57 35 6 27 13 36 6 1 35 57 36 6 18 68 13 46 17 60 53 67 6 20 23 10
6 53 42 20 52 22 6 20 23 25 30 65 6 42 59 63 28 6 12 38 28 12 10 6 10 34 9 46 18 56 44
5 23 26 6 7 42 22 35 56 6 63 30 45 10 6 50 23 18 11 68 6 18 65 66 6 50 53 57 6 34 55
31 38 26 21 74 69 37 32 22 30 49 6 37 45 37 15 58 31 28 61 6 9 18 9 54 16 67 6 3 22 23
1 6 36 45 5 44 40 64 13 46 28 36 6 36 26 56 6 11 24 56 4 37 43 59 3 44 61 29 4 6 69
13 8 24 6 45 22 26 6 36 45 9 42 46 6 5 56 60 4 6 49 4 28 7 6 60 17 68 6 24 35 14
64 6 22 43 53 57 36 65 42 34 40 6 57 28 50 44 6 42 67 3 56 8 46 48 6 24 67 67 58 6 42
18 28 11 7 6 34 5 30 6 64 18 3 6 48 20 60 57 6 16 23 59 6 46 31 29 35 19 50 8 36 46
22 16 19 10 51 35 8 20 44 1 6 54 53 56 57 44 6 36 23 42 6 34 65 40 56 6 55 30 73 24 6
67 73 4 6 62 34 39 46 37 57 9 23 36 11 6 56 37 47 6 67 4 4 46 49 11 45 7 56 30 1 57
39 11 1 6 44 22 46 37 7 6 11 60 57 16 5 6 11 40 35 28 6 4 44 42 6 35 23 27 3 8 6
28 21 23 6 49 27 50 51 7 6 8 5 1 9 13 17 42 9 9 1 58 67 65 6 1 37 44 6 29 40 56
6 23 13 38 45 6 12 61 49 8 6 38 24 25 6 28 18 46 27 39 36 6 48 38 39 33 6 40 65 3 68
6 24 38 63 6 9 44 34 39 51 47 63 26 5 26 69 6 57 62 5 6 23 49 53 1 26 44 40 23 6 44
53 9 49 18 8 30 21 40 49 6 30 25 36 15 6 2 9 43 26 29 36 22 38 41 6 36 22 35 38 10 9
28 26 6 22 13 24 12 63 3 8 37 40 6 27 56 1 28 52 30 26 46 30 62 30 30 49 6 5 39 60 45
75 6 37 63 55 45 16 40 11 61 13 67 49 42 16 9 6 8 14 49 50 64 6 12 3 9 53 6 9 17 48
12 55 6 37 22 13 6 10 26 12 53 6 15 19 21 6 65 7 66 61 3 35 15 45 6 36 38 19 68 6 51
17 26 46 38 11 45 23 26 45 3 6 8 62 34 6 17 56 8 6 63 34 45 34 48 14 1 15 6 16 44 67
6 8 4 60 56 62 6 11 1 18 3 6 30 20 23 49 6 36 11 51 23 22 25 28 37 23 18 30 59 15 13
14 28 56 76 4 18 6 44 15 2 10 6 3 11 30 6 15 30 13 18 60 3 54 7 17 56 28 46 8 6 45
57 8 9 57 32 10 15 49 6 67 9 74 22 65 30 10 23 6 13 56 1 5 3 13 6 9 22 27 22 50 6
29 51 56 3 5 22 6 32 17 34 47 29 20 8 1 3 6 48 35 10 47 49 6 30 69 15 4 4 6 15 33
39 6 26 44 16 48 22 6 44 55 65 47 30 6 10 10 28 31 24 6 56 40 45 36 10 56 5 6 8 3 4
30 38 16 26 48 42 59 6 28 9 1 6 29 11 52 14 56 6 51 13 22 21 8 1 9 5 6 49 51 46 4
11 61 10 2 28 48 10 3 46 6 7 24 67 6 39 37 1 10 40 14 1 8 10 39 17 37 45 3 24 64 28
6 35 65 18 44 27 22 1 29 6 30 13 62 6 18 14 38 59 8 6 28 34 15 44 6 48 36 15 13 9 6
45 42 29 7 6 35 30 62 6 29 37 4 69 6 49 36 1 64 63 27 6 30 49 36 30 6 38 22 69 72 61
6 60 1 12 5 6 36 8 36 39 1 6 40 13 10 17 9 39 47 1 12 69 6 53 53 15 23 6 38 35 35
6 67 40 10 28 48 57 48 13 10 24 23 63 45 6 69 12 20 11 6 54 50 17 21 6 10 49 42 6 57 39
37 6 27 64 34 61 30 42 3 6 5 5 24 26 6 8 47 16 6 11 69 15 6 5 7 10 5 37 69 28 25
6 69 22 62 13 6 22 61 57 47 6 67 3 21 49 25 6 67 17 28 9 6 64 47 25 68 6 10 43 30 75
6 40 12 15 20 6 9 3 18 49 35 13 8 29 67 6 30 35 48 3 6 12 17 49 19 6 13 53 40 8 19
70 18 15 56 4 5 6 26 40 22 11 31 6 56 60 5 6 15 31 4 8 6 67 64 20 6 59 12 30 24 10
50 49 23 6 11 65 33 6 34 67 56 28 63 60 6 41 66 67 6 59 30 3 22 69 65 6 45 13 4 46 29
24 30 25 6 57 64 2 6 46 66 55 5 47 6 31 16 61 1 9 49 43 6 28 53 36 4 11 22 25 60 75
4 6 64 8 1 5 6 30 39 9 62 6 18 77 46 64 51 22 59 22 32 28 17 4 63 1 6 26 28 56 6
45 17 18 17 17 6 15 12 35 65 15 6 68 11 20 11 25 46 3 6 37 23 10 6 28 37 3 36 57 24 44
30 62 69 12 24 73 12 66 6 29 44 30 35 39 3 6 20 29 63 48 35 8 15 24 69 6 65 30 57 10 6
65 39 23 34 65 6 29 35 28 44 6 64 5 28 23 11 25 36 29 6 45 17 16 47 6 11 42 5 51 53 6
7 9 10 6 69 3 9 25 36 6 24 29 29 28 72 6 42 44 37 4 6 45 16 39 54 6 34 7 50 39 51
43 65 34 46 54 62 6 35 15 19 6 10 64 61 6 55 9 62 6 29 46 26 1 65 6 49 20 41 46 6 53
5 44 50 29 12 30 57 3 3 34 28 2 34 29 15 29 6 53 46 56 50 9 6 59 10 30 7 23 6 43 22
62 22 65 6 1 25 56 13 10 6 67 22 36 56 3 6 15 25 44 55 51 16 69 5 55 19 6 50 10 26 58
9 6 39 48 24 6 48 12 18 19 6 25 12 49 45 20 6 29 64 3 1 64 34 8 30 61 61 29 3 46 30
28 53 6 15 42 50 53 20 49 6 34 46 21 16 6 19 45 25 6 1 45 64 39 6 29 35 34 23 42 16 55
64 6 23 33 8 20 37 14 3 6 17 16 28 15 6 35 3 59 30 51 6 66 5 66 7 6 56 35 30 51 6
20 4 34 12 4 45 20 19 39 23 47 31 11 6 42 12 18 47 6 50 21 4 20 32 20 9 75 67 26 6 65
13 22 6 49 67 35 28 6 60 7 34 6 44 8 54 18 67 22 17 23 64 8 11 34 60 53 50 37 33 67 24
36 39 20 58 41 6 36 42 34 4 6 39 45 4 53 6 10 4 30 15 3 6 64 51 5 6 9 65 28 3 30
34 23 40 22 40 29 1 63 68 3 28 39 6 11 55 13 40 51 44 27 12 13 20 44 6 13 25 15 6 65 12
36 6 66 40 9 6 13 5 8 13 8 6 17 15 19 56 4 31 60 25 4 6 34 41 23 34 44 20 22 4 8
6 32 49 14 6 33 24 1 3 40 6 23 30 37 9 35 13 63 64 17 16 6 29 48 28 45 6 1 58 59 40
49 6 44 54 45 6 67 61 52 6 24 23 13 47 6 39 28 16 23 6 64 16 36 20 6 48 13 7 18 8 1
35 25 53 39 12 23 65 18 6 34 53 39 34 22 13 42 13 63 22 1 22 34 44 6 50 14 60 30 16 6 22
8 35 6 17 1 3 10 57 13 44 30 24 67 61 45 6 33 8 43 23 57 6 28 5 8 6 4 1 23 9 67
6 33 4 39 4 53 6 69 4 9 47 6 34 37 3 6 10 21 35 49 30 43 6 40 16 22 38 6 24 34 11
40 66 15 51 68 25 6 1 50 28 7 60 6 46 17 39 6 11 5 67 6 50 26 28 6 27 41 28 47 53 9
49 35 35 1 51 21 6 67 20 10 4 5 6 20 40 11 6 30 22 4 55 46 6 1 18 53 26 2 6 31 4
15 3 40 6 39 40 21 6 64 1 3 59 6 40 51 4 13 69 49 63 21 56 8 6 5 3 16 6 35 45 49
47 44 16 22 53 6 62 40 29 39 6 69 15 30 1 6 75 7 8 40 46 65 6 65 48 47 6 37 50 26 6
11 22 45 40 6 69 3 60 16 6 4 28 15 6 75 35 4 29 26 46 69 3 6 7 29 38 7 6 4 30 21
9 42 20 17 3 29 13 22 75 45 23 29 9 42 46 50 69 25 4 12 46 16 30 29 57 61 34 65 66 7 57
47 42 65 5 24 1 6 23 43 66 10 53 6 12 9 40 6 24 56 53 8 6 57 1 29 39 42 63 8 57 37
6 54 22 65 6 48 46 23 15 9 6 30 5 49 9 21 6 23 9 46 12 6 13 49 29 24 4 34 21 6 67
60 24 13 37 6 37 9 39 12 58 4 56 6 54 34 65 23 6 20 10 10 13 6 42 42 29 18 10 6 8 52
8 6 3 49 38 6 39 45 24 6 5 2 19 36 3 10 18 22 48 45 8 2 6 62 65 9 7 44 6 21 28
19 47 6 4 5 50 6 21 9 4 47 6 24 48 22 35 24 6 37 3 30 30 15 24 49 8 6 13 4 1 20
1 63 14 5 11 44 56 25 47 67 13 31 38 37 6 56 15 21 11 36 60 6 30 53 16 35 45 51 23 54 4
6 39 26 29 22 44 51 23 56 22 53 6 4 26 39 36 11 34 25 6 23 45 44 49 14 17 6 34 7 61 6
65 30 35 44 11 6 46 44 48 26 6 13 43 59 43 19 42 23 34 26 34 6 35 34 1 6 53 19 20 32 65
6 4 33 28 38 6 56 8 42 6 37 68 15 64 39 6 69 12 8 6 66 56 47 64 64 20 60 6 29 5 8
10 16 17 65 24 6 42 39 16 11 6 16 51 37 29 6 72 9 1 7 6 3 29 53 21 48 6 26 71 67 6
35 23 40 56 13 6 61 39 59 6 1 34 67 38 21 22 6 68 3 54 8 54 6 30 12 23 26 3 48 16 6
44 23 34 6 41 9 34 24 6 55 38 46 22 6 49 67 68 22 6 50 65 28 6 51 24 12 6 18 44 20 33
64 6 49 10 8 57 4 19 8 29 15 49 49 47 6 56 43 56 6 62 13 36 6 8 60 52 22 65 6 44 10
30 30 6 42 21 28 54 34 22 45 45 6 20 18 26 19 22 44 20 45 6 2 15 31 5 27 6 8 30 10 23
51 45 6 23 40 67 65 23 16 21 28 25 21 56 6 8 56 40 44 5 6 24 18 27 35 28 6 74 13 29 3
6 11 13 55 3 44 63 24 25 55 63 44 12 13 62 42 12 6 26 29 18 5 6 39 45 16 11 6 34 46 69
6 10 10 64 6 8 59 16 1 6 9 8 65 44 12 6 42 55 11 12 65 66 49 6 34 30 23 46 6 42 70
28 6 3 15 4 6 29 21 54 15 6 23 53 52 44 6 54 21 17 6 34 25 35 12 7 56 22 20 34 51 23
4 6 12 5 48 8 11 6 61 38 21 53 25 50 13 3 13 45 6 23 13 51 21 6 49 40 42 6 20 51 24
6 4 49 62 11 25 1 57 11 69 3 6 37 45 20 48 69 6 8 10 8 56 26 6 66 56 28 24 23 6 21
34 8 48 12 30 6 18 10 18 8 29 3 50 35 6 28 29 24 51 55 76 25 24 49 22 13 15 6 13 28 37
37 41 11 22 14 6 4 17 54 10 6 17 74 49 6 54 22 35 63 23 29 38 17 53 6 51 12 12 40 43 6
34 39 5 57 6 23 5 9 6 39 13 36 53 29 6 12 37 51 25 21 17 29 56 12 39 12 60 11 44 31 38
6 28 45 25 60 34 10 12 48 11 65 14 22 26 24 6 49 13 44 9 21 22 24 13 25 13 6 8 23 28 41
15 5 55 5 64 51 28 30 23 6 48 65 12 6 21 19 29 45 6 65 11 40 6 49 36 45 46 46 6 45 57
8 24 6 44 28 8 63 15 6 28 1 25 16 6 34 43 25 37 3 30 36 25 49 67 50 23 6 33 34 13 46
22 60 6 11 16 11 13 6 56 45 12 16 10 6 4 46 30 24 6 67 3 47 30 6 20 5 10 5 15 6 51
48 46 30 45 6 23 37 29 6 49 30 29 44 59 37 22 8 6 70 46 35 21 48 1 44 37 3 6 5 17 12
4 6 30 37 26 69 17 6 10 36 35 50 21 57 33 6 42 67 20 6 9 1 57 55 12 33 72 20 6 29 28
20 4 22 6 28 30 28 52 6 47 29 13 43 14 6 30 17 55 19 6 44 9 16 6 26 1 46 12 42 21 12
20 43 5 58 43 23 31 9 6 7 44 4 6 67 11 23 21 37 6 12 28 20 20 6 53 36 62 19 6 22 64
24 6 30 7 34 6 26 3 53 5 22 43 7 4 30 5 56 1 52 28 6 24 45 21 3 24 6 13 39 47 28
9 10 1 6 34 18 40 67 10 6 24 4 15 29 6 11 12 67 29 20 6 49 46 41 59 24 43 65 49 6 22
54 16 12 4 57 25 1 43 13 3 56 33 6 38 46 48 53 6 1 21 39 12 46 6 53 57 44 7 45 8 26
27 31 64 37 53 6 45 22 3 74 45 64 46 29 6 65 46 22 44 6 4 25 74 6 51 16 17 6 30 76 12
42 6 27 21 35 42 45 6 16 20 10 60 24 24 34 49 24 50 36 57 24 6 40 69 22 12 11 44 34 28 53
11 17 22 55 48 25 67 6 30 40 15 30 6 23 46 19 6 53 15 54 28 6 46 8 3 36 29 69 29 28 53
14 20 22 49 6 44 39 42 64 44 7 5 67 29 69 22 49 5 17 12 34 75 30 53 55 43 8 50 3 51 6
25 35 57 57 65 16 14 26 6 40 11 45 5 6 44 69 12 67 6 45 30 1 29 16 6 20 11 39 17 6 27
3 13 17 6 8 20 44 55 37 6 30 62 14 6 34 50 26 46 46 13 28 29 8 6 54 4 40 1 6 14 17
54 6 39 24 68 64 6 31 39 28 35 6 1 31 3 22 51 11 29 46 29 6 1 10 54 16 3 6 67 65 43
13 6 37 29 9 46 6 63 3 64 13 49 6 13 23 18 6 57 30 14 5 63 29 3 5 21 34 24 6 25 13
50 35 42 6 37 7 19 18 8 6 59 34 39 24 11 8 22 56 6 57 1 15 40 28 30 45 49 20 6 29 17
13 9 13 6 3 8 19 6 50 15 65 63 6 45 3 13 57 37 1 70 25 30 30 51 44 23 6 49 39 8 29
6 53 29 3 11 15 6 23 26 28 6 34 47 56 22 36 6 20 15 45 6 8 72 7 6 40 10 44 34 7 16
45 8 6 8 24 64 62 65 34 13 48 7 3 65 6 7 1 20 15 56 36 11 29 18 12 46 28 6 46 49 44
9 21 55 48 35 65 6 4 1 20 22 17 46 56 11 6 64 4 4 66 6 16 39 21 29 1 3 74 32 45 49
34 23 36 3 18 15 24 19 20 6 4 4 9 6 63 23 20 10 23 48 3 12 41 46 7 15 57 65 35 18 6
5 48 46 19 6 56 65 49 30 6 16 29 35 6 60 69 3 38 6 29 22 25 6 64 53 46 1 19 6 23 46
49 15 6 22 62 49 14 4 8 55 46 44 6 5 54 49 6 42 56 5 4 6 26 38 8 6 59 30 4 6 11
25 26 49 3 6 64 67 45 28 6 10 34 65 28 50 39 32 40 28 49 17 6 16 9 30 49 64 20 40 8 56
28 28 30 40 24 57 4 22 38 55 17 40 6 60 11 46 49 8 44 53 64 6 44 18 64 26 17 23 1 46 28
46 6 37 50 56 24 69 6 20 21 34 6 16 46 37 53 28 6 35 48 21 1 13 6 29 23 46 53 8 6 40
49 13 49 74 27 27 10 69 16 6 34 12 35 66 6 67 30 35 62 6 44 56 15 54 25 6 56 52 15 56 34
49 57 60 46 45 6 38 3 53 16 55 6 47 47 49 63 21 10 57 45 45 4 6 48 11 67 29 12 12 22 39
6 9 9 18 6 43 11 61 15 29 9 34 11 6 23 20 45 6 1 64 56 20 39 8 46 50 53 12 23 8 48
49 64 35 14 6 47 1 29 6 3 26 23 22 65 55 53 6 28 36 29 8 25 47 52 30 20 64 13 51 6 44
15 23 64 12 37 10 18 3 6 36 65 60 34 6 65 46 56 6 10 34 2 20 33 6 49 14 1 6 26 60 35
6 28 12 17 26 6 34 27 57 73 30 26 13 23 46 6 30 46 24 37 53 21 38 38 5 28 16 69 26 57 30
22 6 11 67 10 4 9 17 34 16 7 6 9 11 43 60 22 6 30 27 36 20 6 74 20 49 6 24 8 8 46
36 35 26 23 21 21 47 6 4 17 26 3 23 6 23 4 28 26 6 30 3 24 51 49 6 36 19 28 29 6 62
48 33 15 6 27 12 44 61 44 60 22 57 8 15 6 46 14 3 3 20 20 17 9 28 6 7 45 30 5 6 7
46 38 6 26 28 45 6 25 30 7 22 6 4 73 29 53 6 62 53 24 43 20 64 35 19 34 48 6 13 26 42
54 6 18 44 20 42 6 3 44 67 6 43 44 42 29 32 6 76 37 34 6 63 20 14 1 6 49 10 1 53 64
6 22 12 24 36 35 9 13 44 6 8 1 30 45 44 44 30 75 45 37 6 35 3 29 54 59 6 47 45 19 6
14 5 13 30 13 4 51 46 33 20 13 6 36 15 24 34 17 49 56 11 37 6 56 22 28 53 1 6 18 53 10
6 67 30 49 6 44 8 33 3 21 6 34 37 72 65 6 9 19 71 28 42 6 8 30 8 20 11 23 20 15 26
6 20 3 34 64 69 25 9 65 12 6 14 50 19 44 3 6 4 50 10 29 6 13 22 53 6 67 21 9 21 28
6 41 8 24 11 6 34 29 34 29 6 64 67 20 42 44 13 45 47 38 5 29 20 8 6 17 14 44 68 6 45
4 61 6 24 9 46 7 6 65 7 13 6 22 9 44 16 46 67 58 6 3 30 52 30 57 5 34 4 6 30 65
8 10 44 6 20 25 12 6 38 23 29 6 13 19 41 43 42 13 16 46 3 63 6 39 28 10 34 9 6 8 19
16 20 46 6 32 27 18 20 10 25 1 22 60 26 29 30 33 6 30 3 45 48 6 48 13 48 20 62 20 16 11
8 6 23 68 3 28 6 15 15 39 4 19 6 40 15 30 54 30 57 8 65 6 4 24 38 52 6 65 40 50 28
22 6 23 8 49 35 8 6 56 49 28 14 57 30 10 8 14 20 67 18 6 23 39 20 8 23 6 44 47 47 64
42 24 8 6 9 3 22 29 6 18 18 60 57 48 26 20 23 28 4 6 56 12 3 13 53 6 56 54 20 6 74
28 17 57 28 6 65 7 53 12 23 6 11 37 11 1 29 6 1 38 4 6 28 27 59 48 6 48 30 16 37 8
5 6 24 17 35 37 6 34 8 28 4 65 6 8 10 9 3 14 57 12 15 44 6 36 30 53 23 6 61 8 11
6 3 59 30 49 43 72 40 49 26 6 56 20 35 6 36 58 27 6 23 16 14 6 14 28 9 6 39 9 34 26
6 45 22 8 6 21 5 18 20 12 32 14 51 55 7 25 13 6 9 53 12 3 65 6 5 35 13 3 6 30 18
37 10 61 6 36 4 10 29 6 64 74 11 65 6 54 13 39 54 10 54 42 17 45 31 50 20 6 51 65 8 35
6 35 16 55 6 35 48 41 29 6 35 28 8 47 12 6 30 35 40 4 69 6 28 4 50 6 69 39 31 28 10
34 28 11 40 34 29 12 7 17 40 30 56 25 6 18 17 58 54 6 53 45 17 12 6 34 28 75 1 58 6 24
4 12 6 56 15 24 19 14 11 36 30 49 55 18 56 41 6 60 16 68 45 60 6 13 9 9 12 6 22 7 46
6 29 48 45 39 6 29 16 31 30 23 12 45 8 26 26 54 22 22 6 45 29 16 49 51 6 42 57 40 51 6
25 34 68 45 6 22 4 12 24 6 23 65 30 6 42 5 3 6 45 41 44 33 23 6 23 3 11 64 42 3 6
22 4 56 56 11 6 9 34 29 45 43 6 13 23 16 51 6 50 46 18 1 3 29 22 36 30 6 47 34 14 18
10 1 34 16 22 65 60 66 6 4 54 55 55 49 6 41 30 56 60 23 56 20 9 54 6 20 22 13 24 17 6
30 25 64 6 16 40 9 6 17 53 8 46 5 6 9 42 26 39 1 37 46 6 14 10 3 24 4 6 3 23 67
29 13 56 29 39 59 6 7 12 60 54 5 16 15 6 5 5 45 6 46 31 12 6 29 20 28 3 6 30 60 19
4 13 4 11 46 46 39 14 6 11 51 7 1 54 6 13 45 42 25 64 6 13 36 45 6 28 48 72 26 21 6
43 49 4 6 37 52 13 23 13 22 29 75 45 23 6 11 42 67 6 12 61 55 18 6 48 20 73 6 57 17 60
39 6 1 19 22 25 6 50 40 58 4 6 33 21 39 18 26 61 8 9 24 34 4 45 56 6 47 13 53 6 60
4 39 13 57 6 18 65 10 6 53 43 25 26 48 20 25 13 67 12 4 39 17 11 27 29 60 20 56 6 1 19
17 62 36 67 70 16 64 6 21 40 63 1 6 45 49 40 47 4 6 5 12 25 23 6 20 65 67 34 37 70 8
28 63 42 35 6 12 39 13 15 29 6 46 29 39 6 27 56 51 7 75 34 61 40 18 53 3 24 47 34 6 27
14 26 6 63 48 50 5 6 31 39 9 1 6 31 62 39 56 6 9 10 3 15 8 40 23 44 65 64 22 44 7
6 5 24 3 56 34 6 29 20 35 6 54 48 65 18 11 4 5 53 41 6 45 51 29 6 21 20 65 26 17 6
13 10 22 13 4 6 43 53 61 64 39 29 26 76 9 54 10 45 36 6 41 51 65 31 6 28 52 35 6 39 36
55 68 6 44 39 11 56 6 12 35 28 24 61 6 11 4 7 67 24 6 13 12 57 15 27 40 15 4 67 22 6
1 18 40 6 53 65 37 17 46 6 28 14 38 18 6 50 26 13 62 42 9 29 24 21 57 34 30 67 12 23 64
45 28 6 11 21 1 6 49 57 19 39 57 6 67 20 11 44 48 1 29 6 66 30 10 28 22 6 72 61 46 17
6 52 34 34 39 57 6 12 12 16 65 23 6 53 24 62 44 65 27 43 42 6 65 18 30 6 26 67 12 6 67
25 17 6 46 10 45 12 6 7 53 69 43 50 6 25 3 61 29 15 24 10 68 56 64 13 35 3 33 61 35 38
6 36 67 22 59 8 6 4 48 8 6 3 9 7 14 6 4 35 44 6 20 3 3 29 20 34 19 64 6 48 39
29 6 35 50 3 49 6 30 4 61 6 34 47 28 21 6 28 23 9 6 4 56 40 55 6 5 14 67 12 6 36
16 28 44 16 29 59 46 53 67 8 29 55 6 62 10 32 69 53 6 65 13 47 13 75 6 18 56 62 4 67 6
40 35 48 37 40 65 21 17 6 44 15 64 40 27 60 11 6 35 17 38 6 21 30 64 39 37 6 29 44 8 6
24 23 50 26 6 40 57 22 6 4 50 35 35 6 74 29 4 35 26 6 22 23 49 13 36 1 49 42 37 14 69
4 23 56 6 35 42 30 6 46 49 8 34 49 46 20 6 42 61 45 69 3 16 28 8 20 6 34 63 35 40 59
8 63 6 17 17 54 6 19 28 62 11 18 6 50 64 49 69 28 6 44 39 26 6 57 3 44 6 12 46 34 3
7 6 28 18 35 12 6 17 48 13 52 55 10 43 56 22 15 57 26 6 49 41 75 12 12 35 57 18 6 10 36
13 6 39 53 45 35 6 38 42 44 14 62 56 57 28 6 1 45 11 6 5 11 24 4 3 22 23 23 23 24 66
57 62 44 16 50 24 67 6 71 3 21 24 12 9 7 28 51 6 24 25 24 12 51 10 6 49 16 25 9 23 43
5 58 55 6 40 67 20 19 6 56 44 64 54 1 6 64 21 55 6 3 24 23 37 6 70 47 29 28 11 5 35
67 56 47 40 53 46 48 13 38 23 40 6 64 50 9 27 39 6 53 17 47 6 56 33 10 13 26 6 19 64 36
44 34 6 55 55 3 6 58 3 9 6 45 10 47 25 45 6 64 53 56 64 36 38 9 66 6 42 46 9 12 69
6 11 34 13 6 14 4 60 6 51 8 51 47 6 4 4 13 53 64 6 22 49 18 6 73 46 39 13 3 16 31
30 6 28 2 15 31 13 46 45 7 6 51 4 67 49 4 6 67 47 45 6 49 22 33 42 6 22 28 26 6 25
69 26 64 11 6 53 55 8 3 36 46 3 54 19 26 16 57 3 40 6 51 22 75 9 51 6 44 69 65 6 39
22 53 35 3 6 42 35 3 17 31 6 20 18 11 4 58 50 46 6 11 41 36 38 6 62 44 46 4 56 6 8
49 53 15 6 17 53 30 6 24 5 12 7 6 4 21 55 36 14 7 60 40 6 13 49 9 14 37 6 21 57 22
4 9 55 49 18 3 20 26 5 49 6 23 28 57 23 9 22 43 22 66 20 42 55 56 22 44 13 6 8 53 30
40 44 6 4 2 69 20 6 12 12 49 4 6 11 45 13 6 3 40 37 6 20 28 11 57 13 6 42 45 15 49
30 28 17 25 6 57 66 3 3 4 17 9 40 23 26 6 9 13 4 56 17 6 57 37 24 39 35 47 18 47 65
20 16 12 65 29 6 40 33 34 48 3 6 67 23 40 34 6 63 48 8 56 6 23 47 23 34 6 45 24 61 63
9 6 15 26 10 51 9 6 54 17 42 6 16 46 7 27 42 34 36 22 69 50 39 7 75 37 13 48 46 12 6
23 27 24 49 6 40 59 4 6 8 11 17 10 18 6 12 9 42 6 12 29 10 30 23 37 10 46 6 13 57 21
9 6 30 34 26 10 6 61 4 24 8 6 13 42 11 30 36 12 42 18 6 39 5 20 64 61 39 50 8 4 6
37 46 53 49 57 35 64 70 49 2 6 46 46 34 23 22 6 38 8 4 23 51 6 61 3 11 18 43 44 12 37
6 63 63 42 15 29 21 3 19 34 22 62 6 61 25 30 6 29 34 3 29 6 12 12 67 6 5 49 21 15 6
17 26 29 6 37 24 64 64 23 6 8 64 46 6 25 45 45 56 31 20 58 10 49 42 6 60 44 66 6 51 13
75 6 9 5 3 57 6 55 67 18 6 22 53 60 36 6 46 36 3 39 53 60 16 37 38 67 6 5 28 67 6
7 20 12 6 4 59 1 44 16 6 30 35 45 4 4 6 10 15 23 6 16 28 19 7 15 10 57 28 29 13 38
18 35 1 66 29 37 36 47 55 64 24 10 63 26 60 1 35 20 30 34 21 1 71 12 45 6 26 15 12 51 6
34 15 22 28 74 1 51 5 18 67 43 44 12 44 12 6 44 37 4 38 6 38 42 52 11 6 19 25 32 21 6
65 42 34 6 7 59 10 6 8 18 66 20 29 8 50 30 6 49 36 33 64 61 6 17 30 22 6 15 4 57 5
28 6 29 38 8 63 64 20 1 5 22 32 21 44 50 8 6 23 36 35 59 23 65 2 47 6 13 50 13 46 6
15 7 53 36 5 22 37 6 27 3 60 23 62 49 15 61 6 42 54 2 23 6 20 27 12 3 48 34 46 17 65
6 1 9 3 6 14 42 7 48 11 6 35 28 20 15 6 49 69 61 13 57 44 64 35 47 6 35 3 24 17 30
6 3 62 73 6 59 29 9 6 52 12 21 26 75 23 43 15 8 3 28 52 6 53 4 13 39 3 6 56 45 56
16 28 6 3 11 36 37 50 6 34 4 76 39 65 6 46 21 44 6 38 17 15 6 27 1 44 1 45 35 44 59
9 61 6 5 24 24 53 6 19 28 24 42 22 6 50 31 44 42 20 28 8 40 17 6 31 11 35 29 67 9 30
29 42 10 24 67 56 6 3 13 53 6 53 22 59 4 44 13 74 69 6 9 5 30 15 30 19 23 41 6 8 4
27 73 65 51 28 50 14 6 3 9 12 75 4 6 8 75 9 6 15 50 8 48 52 61 57 67 67 53 6 34 44
30 6 35 21 9 30 6 39 56 56 13 62 6 57 13 44 22 6 5 10 3 61 6 56 51 8 4 6 8 19 27
8 29 26 16 10 6 12 39 52 6 65 14 5 6 45 17 51 6 30 49 28 18 6 35 54 67 30 34 51 23 23
10 9 26 41 57 12 65 16 67 29 11 17 6 1 70 35 3 21 15 13 36 24 4 6 15 44 63 11 45 6 18
37 57 49 6 76 3 5 6 4 45 53 56 36 35 3 6 3 12 28 3 6 37 64 67 25 29 9 19 31 10 34
6 4 49 28 6 12 30 15 44 25 16 26 29 6 10 69 23 6 20 30 16 65 6 20 57 35 48 57 34 25 12
30 40 6 35 51 2 64 6 16 45 40 6 67 46 22 44 54 53 49 49 23 4 49 46 37 12 3 67 38 67 13
16 15 39 6 50 24 56 6 69 68 34 9 67 6 53 37 3 65 6 34 3 21 6 49 37 68 8 6 18 49 42
40 6 3 1 57 46 4 6 61 1 16 42 23 45 52 6 47 69 34 67 60 6 45 17 1 34 27 14 5 6 63
37 9 10 12 6 17 47 26 68 29 23 35 6 21 18 50 23 2 65 6 18 12 18 6 53 12 10 15 6 64 15
24 6 8 49 24 30 6 46 46 8 29 65 6 13 4 10 16 6 56 5 3 32 1 39 45 12 9 30 6 23 28
11 35 6 62 49 56 34 57 3 8 51 16 7 65 25 51 6 30 28 37 11 6 10 29 4 26 42 6 11 8 11
6 63 46 17 6 3 28 33 7 49 28 52 64 6 23 55 40 11 6 18 9 30 26 42 21 54 6 4 4 40 17
6 26 18 23 17 56 6 25 11 8 29 44 6 1 61 11 13 6 56 12 37 47 49 4 34 12 6 20 56 4 57
4 10 49 29 48 10 39 27 63 13 6 8 44 34 15 6 54 53 44 50 62 6 28 23 43 60 67 6 11 50 70
64 6 23 17 60 19 19 6 15 62 56 64 39 57 3 47 22 6 53 41 56 3 13 6 31 5 13 6 24 10 22
62 13 18 16 6 62 44 55 10 3 16 36 37 6 16 30 5 6 75 15 1 7 6 19 8 8 12 63 6 49 3
33 6 49 5 12 54 6 36 14 43 6 45 13 34 42 65 23 11 43 29 6 29 19 48 28 6 51 18 67 6 64
8 16 64 62 15 28 53 4 54 8 6 41 5 75 6 13 3 28 26 55 6 45 43 16 40 68 11 18 18 48 46
63 48 10 28 63 3 4 24 29 23 26 48 74 27 28 3 19 35 6 37 9 30 49 39 39 62 10 12 6 34 29
26 37 11 47 36 15 70 6 37 27 34 6 46 29 12 11 74 11 13 7 44 22 68 13 6 8 24 54 55 75 6
9 1 13 44 26 6 16 31 14 40 36 67 3 53 3 26 34 6 34 30 46 3 10 34 38 3 6 39 45 76 53
61 15 17 12 6 17 61 16 44 6 16 20 22 51 58 50 3 13 6 28 55 13 6 22 16 66 13 30 53 48 56
17 48 9 60 66 13 12 6 15 21 69 6 18 50 8 33 6 46 42 23 6 15 50 11 29 6 45 27 5 28 6
13 36 17 29 1 6 27 56 4 9 21 8 6 12 55 30 16 30 6 40 24 28 6 12 30 16 49 6 34 3 5
6 44 60 9 28 33 6 11 39 28 35 6 24 12 4 3 67 24 29 62 6 17 18 57 13 6 47 36 19 6 45
45 1 6 49 41 30 54 24 4 16 46 6 14 53 16 67 71 21 17 43 6 67 35 65 34 51 20 13 9 6 3
35 36 3 30 67 49 69 44 53 7 33 69 18 12 63 62 64 65 1 14 3 45 6 65 13 8 6 53 22 50 54
6 35 60 20 62 6 29 30 35 6 28 31 33 6 11 37 3 61 6 30 26 11 13 58 35 22 45 8 32 6 29
11 31 30 29 29 18 6 46 8 18 6 43 55 69 34 51 59 6 4 1 28 24 37 42 53 21 6 37 9 46 39
64 6 36 30 20 45 45 17 44 60 6 66 29 28 14 6 49 24 23 6 39 22 47 5 6 4 3 16 34 6 7
24 9 22 6 45 27 33 23 17 30 62 53 39 54 56 38 42 6 60 62 11 45 34 5 61 60 1 12 17 1 9
6 11 12 58 22 6 30 8 20 67 35 6 22 34 25 3 26 6 38 16 3 1 8 34 7 30 51 24 6 1 12
48 19 65 6 10 12 55 6 29 10 9 19 24 6 65 4 3 47 64 6 12 1 8 34 6 5 1 28 6 53 47
52 40 45 59 67 6 56 68 47 29 14 6 13 47 4 37 6 67 45 35 7 6 42 8 16 9 5 13 45 6 56
64 67 12 6 34 75 74 7 6 58 18 34 56 62 1 18 26 35 26 6 22 15 11 3 6 25 54 57 49 21 6
71 29 7 44 8 6 57 35 44 46 57 6 64 13 9 6 40 10 61 40 38 60 19 8 6 1 12 59 40 6 10
75 30 6 33 68 35 6 4 4 65 10 6 64 28 3 11 56 6 22 51 46 34 44 23 16 16 6 28 49 37 6
40 28 39 66 64 44 5 11 6 45 54 8 6 11 8 29 30 6 62 8 40 8 6 48 48 8 23 46 1 10 16
20 6 11 34 30 6 38 1 4 43 28 47 46 65 20 6 13 11 38 45 35 6 62 4 40 29 6 5 24 21 6
17 11 3 6 4 42 26 21 45 40 41 27 6 9 4 28 3 6 40 13 29 57 6 26 9 65 23 28 11 54 13
45 13 27 67 25 16 6 36 19 3 6 8 1 11 13 19 8 30 5 56 49 12 39 6 45 45 67 34 6 8 3
15 67 9 6 30 43 56 1 6 1 31 11 57 26 6 44 30 18 49 52 6 52 34 40 22 69 6 41 30 9 40
1 13 34 6 54 40 13 68 29 53 43 54 57 6 48 10 35 19 6 9 40 26 6 32 21 17 39 6 51 60 64
6 20 10 56 6 10 29 8 42 6 33 67 16 10 29 6 49 15 13 34 29 51 29 31 6 4 29 1 6 48 29
27 57 6 49 29 35 29 12 67 51 62 1 3 36 9 54 4 54 53 44 56 64 65 6 10 37 44 6 17 29 30
61 6 29 56 45 7 9 6 23 10 13 44 22 21 38 9 6 36 75 39 23 55 6 15 41 17 50 17 6 61 28
73 11 19 6 61 59 57 6 29 23 67 6 7 1 9 52 1 9 1 57 69 49 3 3 61 4 6 57 23 64 6
40 69 31 22 51 6 39 20 23 6 42 29 67 24 26 6 67 9 35 66 13 6 21 3 46 13 6 41 11 25 9
28 43 24 6 29 16 35 6 1 9 28 20 1 6 45 12 15 12 24 6 8 23 33 6 58 53 65 39 73 6 5
40 56 57 47 34 37 21 75 10 21 59 45 6 49 27 57 12 16 6 27 47 8 6 51 7 51 2 12 57 44 22
6 57 4 62 21 46 6 22 50 15 24 6 9 40 4 44 6 60 60 4 27 3 17 1 47 29 3 44 25 12 62
6 28 25 4 6 56 24 44 55 6 30 45 22 12 21 6 64 13 60 15 47 51 5 21 6 20 57 34 6 5 10
48 6 20 8 24 49 42 6 3 18 42 9 6 69 44 5 6 46 7 26 3 6 35 39 55 29 16 6 12 12 40
65 65 53 10 45 29 15 20 22 53 45 50 36 6 44 8 3 38 7 66 67 16 35 30 6 2 17 16 28 16 8
3 20 20 49 3 28 49 6 53 20 12 18 34 47 8 67 6 23 13 8 65 43 23 30 6 9 34 47 68 24 14
46 1 17 6 19 73 18 6 12 64 23 65 16 6 64 37 41 15 6 3 43 42 47 68 47 50 40 6 28 46 5
28 6 76 7 11 56 6 28 11 67 29 6 9 22 11 18 69 6 61 3 8 37 6 40 26 1 6 73 61 35 15
49 6 63 21 38 3 35 20 39 26 60 3 20 6 40 69 28 24 6 61 31 10 40 51 50 29 17 6 37 35 16
6 24 28 13 46 6 19 10 5 6 28 53 4 29 22 24 16 53 46 11 29 44 49 45 68 57 29 6 64 11 8
6 18 10 36 34 6 14 39 11 17 6 39 11 17 29 8 6 37 28 15 12 6 42 49 13 37 6 4 22 3 17
1 65 67 13 53 6 33 45 17 54 15 25 37 57 6 50 56 51 46 6 39 63 16 6 22 67 40 23 34 6 54
20 48 30 13 37 26 6 42 35 42 65 6 15 13 62 45 6 5 59 46 63 51 57 56 11 6 46 4 40 17 20
55 41 45 6 37 12 29 53 29 6 42 42 53 24 43 43 56 47 6 24 74 17 6 55 29 62 66 6 57 56 14
13 49 46 34 16 6 22 4 8 9 29 6 28 17 9 8 63 6 12 20 8 13 6 13 56 32 10 25 1 40 18
42 6 25 4 13 6 13 45 65 6 17 11 35 6 44 30 29 46 44 7 4 51 56 5 6 3 3 24 11 23 3
34 39 6 36 52 54 48 6 13 14 3 59 12 6 3 50 40 75 5 6 20 10 46 26 9 26 4 52 39 6 35
44 53 6 62 67 22 15 12 6 33 26 66 6 60 34 44 6 17 3 12 45 13 1 55 3 28 40 54 35 25 35
22 39 30 11 14 6 45 54 10 5 54 42 64 55 16 9 57 25 11 65 3 6 56 24 9 29 62 6 23 3 56
7 45 6 34 35 28 37 6 51 24 23 75 25 6 49 8 17 6 24 34 1 67 39 39 12 42 6 39 20 45 7
1 28 10 12 6 59 9 9 45 46 6 42 21 5 6 11 3 2 16 6 36 4 49 30 17 59 8 46 44 49 38
9 6 3 7 3 28 3 12 52 18 49 22 45 42 28 21 49 44 25 20 39 46 6 65 32 3 30 6 7 12 19
15 22 6 58 19 44 12 6 4 3 53 40 47 7 56 51 39 4 68 20 6 16 23 9 75 10 20 30 6 11 12
17 6 44 20 60 23 18 20 45 1 48 17 53 17 40 1 38 70 4 10 68 30 48 8 41 18 6 28 66 24 34
6 34 9 17 46 19 6 44 7 3 6 17 1 17 11 34 6 34 40 15 6 23 3 34 6 57 9 29 6 24 13
54 15 1 56 16 11 42 6 4 23 23 22 52 8 12 28 6 51 26 13 54 53 50 6 22 46 29 61 49 6 75
16 23 46 29 6 45 9 7 6 22 45 1 49 63 6 46 22 39 6 3 34 1 24 6 30 11 40 6 39 55 29
53 42 26 19 8 62 6 64 42 57 39 56 69 30 20 6 49 9 45 49 23 6 35 16 8 31 43 6 3 63 23
23 39 47 4 6 22 9 17 51 52 6 66 14 29 55 6 45 53 12 6 46 37 46 6 8 35 36 35 8 6 4
30 55 35 74 30 40 19 12 13 16 42 6 4 61 14 29 61 6 40 11 3 12 29 44 48 38 6 66 37 69 49
23 6 61 20 50 6 21 56 20 6 8 40 62 6 32 4 11 55 6 9 30 16 6 51 22 46 55 28 15 4 23
68 6 12 11 9 27 6 49 43 4 44 52 69 8 49 42 24 6 20 1 8 28 25 6 4 48 23 29 6 64 34
67 34 36 20 26 35 6 28 4 14 3 6 56 10 45 40 50 6 32 35 53 64 39 6 56 28 16 6 19 9 9
47 18 6 10 1 31 43 21 6 8 44 18 8 67 37 46 12 46 6 12 28 29 53 40 6 47 23 34 40 6 17
19 38 47 75 6 40 23 56 51 6 51 11 59 18 6 45 27 45 30 16 6 12 43 30 39 56 19 6 34 55 44
11 21 42 33 66 20 19 25 74 23 53 65 6 51 45 66 6 23 25 29 49 6 38 29 15 4 63 56 1 8 69
39 57 6 39 38 19 37 6 40 50 9 28 42 62 37 23 10 17 60 21 34 73 9 39 23 34 24 50 34 39 37
49 37 39 28 29 4 1 53 34 40 6 44 23 34 10 44 6 29 48 76 69 6 40 45 45 36 6 28 53 48 22
34 6 64 57 42 6 5 30 44 6 13 35 10 28 65 6 26 22 49 30 70 11 8 6 49 21 53 43 16 6 12
7 20 45 6 21 40 34 19 6 56 24 25 6 50 7 64 5 5 6 53 15 42 24 8 7 29 45 28 6 72 44
12 6 36 30 74 56 42 6 19 38 31 6 75 34 4 56 6 35 31 34 22 6 11 64 7 6 57 44 52 26 6
21 44 17 16 1 69 15 34 11 37 23 42 6 34 65 56 11 29 55 17 10 51 29 39 29 37 11 13 6 61 22
38 22 65 6 11 21 37 48 16 6 9 45 17 12 29 9 24 45 44 16 26 43 61 30 67 47 34 6 38 8 25
68 60 6 38 3 3 61 6 5 11 54 6 30 36 10 25 1 6 44 39 8 26 6 4 22 21 69 4 29 24 10
22 34 19 50 23 64 11 17 6 14 65 13 4 45 6 45 34 10 6 23 45 45 28 42 25 20 67 6 12 45 31
62 23 38 23 12 11 35 68 3 8 6 61 30 62 45 29 6 12 29 37 41 70 6 60 4 45 6 26 5 30 21
6 37 48 54 6 4 47 15 21 50 13 66 30 6 13 50 19 34 6 29 30 65 31 50 6 4 74 20 48 64 6
47 15 18 53 53 32 40 47 44 23 6 30 1 29 38 75 6 4 56 8 29 35 49 65 11 4 47 54 6 40 5
40 54 55 15 11 11 10 6 33 40 53 6 56 10 12 23 34 6 51 26 75 6 17 10 28 6 48 4 20 68 6
20 65 57 4 69 6 5 9 30 10 6 23 23 26 8 42 44 22 51 6 53 20 10 4 39 25 6 43 44 45 29
56 46 6 29 50 56 6 19 17 3 12 6 55 53 8 6 74 42 22 34 10 75 8 16 53 24 21 49 30 23 24
6 67 45 8 67 6 48 49 8 6 44 44 12 42 6 8 15 9 41 43 4 11 6 30 4 18 30 6 8 56 8
6 62 35 24 4 69 1 17 23 22 6 36 28 29 62 23 6 18 20 20 49 6 26 24 24 34 6 21 4 45 8
6 25 10 50 6 17 27 31 13 6 4 25 4 16 39 15 6 22 11 23 44 12 17 34 63 6 4 57 16 36 56
8 61 18 6 30 26 49 12 6 51 30 54 21 6 15 46 26 6 61 39 42 6 10 35 60 75 6 37 36 26 49
6 50 4 48 40 58 44 3 16 6 63 3 42 34 12 38 23 30 6 34 13 65 6 53 67 20 6 26 8 45 16
26 11 38 50 6 50 53 59 16 43 66 23 6 53 36 53 1 6 4 40 17 42 6 37 8 20 65 6 57 8 42
1 11 34 35 6 22 65 45 39 6 22 65 12 12 15 1 47 16 66 23 12 6 44 62 56 20 66 6 8 65 66
6 59 37 18 34 27 6 3 26 5 28 8 34 30 65 67 7 6 46 21 67 12 34 6 22 4 53 45 47 8 64
11 6 48 60 5 23 28 6 45 50 9 6 5 29 65 6 16 56 46 47 26 6 49 10 64 45 6 30 40 44 3
6 61 4 35 67 42 50 28 15 57 6 10 12 48 6 20 62 50 65 6 21 4 60 67 6 20 15 10 29 6 23
13 36 34 18 30 8 48 6 55 11 34 6 44 50 33 7 4 63 45 2 45 7 34 8 35 29 27 42 6 40 61
29 6 1 74 67 35 6 4 3 8 13 28 6 16 24 34 42 6 56 34 66 24 6 52 39 18 25 6 70 18 40
49 17 49 6 56 13 28 54 4 6 54 37 64 6 4 30 67 19 31 6 29 42 57 39 12 48 37 50 6 42 63
44 6 44 47 24 11 40 6 19 33 56 6 24 7 44 3 21 36 5 15 26 25 16 53 39 6 58 31 21 49 10
6 1 22 56 36 45 23 53 38 6 63 39 69 11 6 56 21 3 6 67 22 18 61 23 5 20 29 6 39 42 11
24 64 12 19 6 11 36 50 6 35 17 35 35 39 48 6 15 4 37 29 11 36 8 7 44 6 22 24 25 6 24
56 34 11 4 6 23 10 12 29 3 6 29 41 3 11 15 31 18 55 22 3 51 50 40 42 29 27 3 15 44 24
45 6 45 13 19 13 8 45 4 13 46 37 66 64 17 6 2 11 45 42 13 6 53 66 35 3 30 11 65 21 6
36 12 16 26 57 6 48 12 38 5 48 26 49 34 6 30 14 9 39 6 24 3 25 64 6 11 9 52 23 6 41
28 69 28 6 30 34 42 74 6 44 50 12 10 57 69 67 39 6 3 31 37 22 6 67 30 40 15 25 6 64 3
37 44 15 12 49 45 34 6 10 49 46 28 56 6 36 54 28 3 45 6 4 75 10 11 42 66 5 22 44 3 12
4 12 22 42 6 3 8 20 6 35 53 4 30 21 6 23 57 10 6 36 45 35 17 18 53 9 37 6 17 54 8
26 2 65 30 23 69 12 67 6 47 21 39 3 14 6 24 70 34 7 45 65 6 16 30 53 6 8 28 38 29 37
34 13 44 6 44 35 12 6 44 67 10 47 6 66 8 11 6 10 8 17 34 56 4 29 34 28 6 56 57 51 6
3 62 56 6 28 28 65 51 7 6 64 9 49 6 9 7 1 6 22 12 74 6 50 57 8 2 1 17 18 6 65
49 35 62 6 53 34 21 11 43 34 6 11 47 54 22 22 44 57 75 37 14 11 6 22 18 28 23 39 53 9 19
6 9 41 39 30 6 19 46 26 47 13 6 38 9 18 41 6 45 10 64 48 52 22 54 6 48 4 7 59 45 36
6 12 45 53 15 4 43 22 56 48 34 6 17 12 21 48 39 6 7 38 48 9 19 6 36 39 4 28 17 6 26
47 4 37 5 6 44 1 21 8 6 3 22 5 26 9 47 37 46 64 44 6 46 28 1 35 25 6 35 48 67 46
46 6 15 67 22 29 8 6 57 3 9 6 56 44 23 39 6 17 23 10 8 6 5 13 57 6 63 26 54 1 8
53 40 67 6 16 43 34 22 9 6 20 42 19 23 49 6 51 54 49 23 12 6 3 4 11 30 45 17 56 67 63
12 6 69 49 13 25 6 45 30 43 36 69 20 23 8 20 6 1 46 23 49 6 67 21 40 21 46 6 7 35 13
17 6 23 35 30 14 6 10 53 70 6 3 56 56 28 47 1 34 40 67 20 8 17 29 43 44 37 6 45 34 26
15 57 6 35 3 11 33 64 6 19 64 41 20 45 6 53 27 23 6 59 3 67 42 64 6 7 11 45 65 24 9
4 34 6 23 8 29 42 15 27 6 56 53 44 6 26 28 48 6 4 53 1 24 6 49 22 46 29 23 6 50 36
1 75 18 6 16 53 64 34 29 35 56 6 15 19 20 22 6 49 45 16 44 57 17 16 6 55 11 8 21 28 6
25 4 55 6 24 67 28 34 6 24 69 13 7 73 73 11 21 18 6 45 9 22 7 29 6 48 8 50 4 40 28
29 24 6 9 26 20 42 31 6 66 50 51 6 28 7 56 6 44 19 8 6 26 24 24 1 67 6 4 12 24 55
15 6 44 7 12 18 1 3 17 8 67 43 20 6 29 67 44 7 6 28 8 43 6 44 64 34 56 13 6 30 16
63 34 20 73 45 21 38 6 25 67 48 50 24 41 59 22 18 6 23 45 18 57 58 6 23 29 55 45 36 22 25
40 20 3 6 48 30 7 6 29 45 49 34 28 69 24 6 8 5 12 6 22 11 1 6 24 9 11 45 11 3 28
13 6 50 43 11 6 11 1 49 54 56 6 42 46 1 6 46 60 12 24 34 62 23 8 3 49 6 42 44 39 63
23 11 63 42 8 12 59 16 53 6 35 9 39 49 11 6 18 12 22 10 6 10 49 8 62 49 6 22 1 67 6
23 56 4 9 39 43 3 47 64 6 56 64 45 6 21 44 11 36 3 6 46 19 27 36 9 6 48 27 3 35 6
1 58 4 72 34 9 6 2 4 15 6 39 16 8 29 6 42 20 21 8 13 3 49 34 65 28 34 5 28 17 1
34 14 39 54 55 39 6 42 15 3 10 6 21 75 63 6 9 23 57 67 20 6 35 15 48 20 60 39 51 6 44
12 74 46 4 6 56 34 60 6 23 49 56 20 6 57 40 22 10 4 9 20 47 22 1 18 21 6 12 27 35 46
15 10 6 20 65 46 56 9 6 55 24 61 20 42 6 45 5 28 56 22 69 53 20 23 4 45 24 6 48 11 37
6 56 21 19 13 75 8 34 24 7 64 6 58 24 15 65 21 45 49 16 26 28 9 28 3 13 6 12 26 30 57
6 76 11 45 19 6 2 45 36 54 13 47 25 36 48 6 66 45 46 53 42 23 64 13 53 6 41 63 36 6 54
50 29 26 15 6 22 47 11 65 20 53 11 1 56 6 16 57 4 6 62 22 34 63 37 37 39 29 17 15 53 6
45 55 1 29 7 57 29 30 55 6 37 25 48 61 6 12 21 18 60 6 30 56 28 44 42 6 26 37 30 3 7
6 9 4 43 46 6 16 30 16 61 66 6 1 12 1 22 18 6 1 44 12 53 69 24 23 15 3 30 30 23 16
8 46 51 30 64 54 39 35 46 5 63 6 4 8 9 25 12 54 20 22 27 40 6 45 33 20 40 6 13 13 3
6 35 22 7 6 69 23 56 3 42 57 36 48 11 10 22 49 6 67 10 23 9 34 6 13 3 57 5 18 6 44
17 12 27 3 6 34 22 43 6 39 39 36 54 45 6 21 44 36 75 14 16 4 6 28 38 67 42 45 24 17 6
20 1 65 6 42 5 69 18 6 9 47 11 4 6 46 21 3 56 6 11 35 17 52 22 45 23 35 3 6 3 18
9 34 6 36 1 11 6 64 26 45 6 14 22 11 6 62 55 20 6 60 17 37 29 41 6 10 45 47 18 14 3
20 13 13 18 13 64 44 46 6 59 27 7 59 6 64 67 49 69 13 6 14 30 42 66 6 50 62 37 6 45 34
30 37 6 25 44 49 49 6 35 1 35 21 64 6 22 11 3 20 7 29 29 6 42 48 75 37 39 61 42 12 6
4 49 45 6 8 61 56 10 43 6 50 9 56 64 49 21 64 4 6 30 16 45 34 30 6 3 59 18 15 55 6
64 35 12 22 13 6 62 68 15 10 21 6 32 5 34 23 6 40 56 54 65 6 47 29 75 19 1 9 6 11 43
28 27 24 6 22 53 30 68 14 25 23 20 56 65 6 8 41 30 49 6 7 54 37 66 50 6 57 45 37 6 22
23 8 24 42 47 30 26 6 75 39 10 59 28 6 46 65 4 6 23 67 28 29 6 12 26 17 6 9 10 26 35
6 24 18 33 28 11 11 45 31 37 6 19 9 50 6 22 20 74 6 1 44 56 3 6 20 21 73 27 18 3 52
27 6 23 48 53 4 41 55 6 13 41 24 6 8 65 36 6 12 13 55 8 6 26 14 54 29 25 40 8 26 49
24 13 42 21 6 41 66 72 51 56 39 11 6 20 23 29 31 44 42 35 6 22 44 30 34 6 2 34 47 65 20
6 60 20 45 6 51 64 45 6 40 3 13 47 49 40 22 39 38 6 34 46 4 37 6 23 21 63 6 22 44 22
6 46 67 67 10 34 6 25 20 3 24 6 75 55 29 6 4 22 26 55 57 72 12 42 6 24 45 28 34 10 6
26 1 53 6 10 31 44 46 6 69 24 60 25 75 6 55 30 11 35 67 44 45 22 6 22 68 13 53 45 20 64
72 4 1 16 7 6 15 43 59 1 6 46 25 21 11 6 21 50 45 6 11 44 3 28 48 6 23 13 66 13 6
39 55 37 50 68 12 11 55 15 26 34 36 56 48 45 6 42 27 27 46 6 25 29 4 65 9 49 3 4 17 20
6 65 37 29 6 48 60 22 44 8 18 41 10 46 29 6 53 15 7 26 3 64 17 31 50 6 56 25 67 6 23
7 73 57 6 37 66 65 21 6 66 23 65 24 6 51 67 57 62 6 49 29 17 6 36 26 55 28 6 17 31 67
25 45 40 3 31 16 69 22 20 6 47 3 16 67 33 20 30 3 57 6 42 26 30 49 6 23 41 38 6 17 67
53 12 39 47 35 39 6 48 51 23 6 30 44 15 6 3 20 45 6 22 28 36 65 4 36 16 22 45 6 8 39
32 6 34 45 8 46 6 44 54 51 18 6 75 29 24 75 6 40 21 41 57 38 6 20 9 34 24 61 42 48 19
57 45 11 3 37 30 6 3 25 12 29 18 6 13 74 4 6 18 63 25 6 57 26 21 3 35 4 40 42 6 51
46 43 6 4 67 42 6 26 44 64 6 30 48 22 56 17 6 54 36 44 6 30 12 26 69 6 34 1 53 46 39
9 24 30 6 22 12 53 39 13 6 24 29 9 6 24 53 11 15 40 69 6 44 37 38 28 41 11 28 54 6 16
7 26 35 6 16 27 19 57 29 19 50 6 53 62 38 8 35 6 22 30 12 6 3 10 44 49 53 18 22 21 6
52 15 45 10 8 6 62 38 25 65 24 6 17 62 44 6 65 57 10 13 51 6 3 36 75 66 11 11 9 6 44
12 24 6 28 13 27 29 6 17 10 40 34 32 23 49 15 31 28 19 12 7 6 30 4 24 6 29 65 61 6 15
63 36 6 4 10 24 53 6 69 43 45 3 1 6 38 24 50 6 13 4 62 43 49 8 9 19 64 12 45 4 16
11 10 6 32 5 53 23 24 23 6 24 39 63 24 11 6 65 28 64 28 6 49 35 47 38 34 6 47 38 49 6
55 35 65 18 31 45 1 50 21 21 6 26 23 1 56 6 23 47 21 23 63 39 46 13 34 9 19 57 61 14 6
57 8 49 53 6 43 13 10 18 36 6 57 40 55 30 6 45 53 67 67 29 6 60 29 31 6 54 1 7 6 20
46 34 64 11 7 67 6 35 35 10 62 6 13 69 20 2 6 54 55 1 47 6 67 67 23 6 30 3 54 42 18
1 35 24 6 3 26 51 4 68 6 19 18 16 44 6 28 36 49 17 6 10 52 57 13 17 6 17 12 42 4 23
6 16 21 3 76 36 20 11 57 31 1 45 29 15 6 20 30 40 36 6 4 67 39 3 6 5 9 54 16 15 56
17 23 6 40 13 64 29 30 22 50 17 56 6 44 3 4 6 17 39 11 24 8 6 43 44 31 46 61 39 56 20
37 1 39 68 6 62 38 30 64 35 44 28 51 30 9 34 6 5 50 51 13 47 56 23 17 67 35 63 43 42 1
10 30 24 19 6 39 55 10 10 5 53 6 26 22 44 18 22 6 73 34 16 47 13 55 12 23 45 22 10 6 13
39 8 22 28 12 3 23 3 9 23 17 29 39 66 72 50 17 36 28 46 47 58 46 6 12 15 40 4 9 6 75
41 14 9 20 23 15 64 8 45 5 6 44 3 11 26 35 6 45 29 71 26 13 8 30 30 24 11 37 6 9 35
67 6 62 75 25 18 29 49 8 5 6 7 41 56 7 40 6 27 23 56 4 19 5 16 62 69 19 29 6 51 22
23 6 69 25 53 21 6 55 18 46 6 24 20 46 6 24 4 17 45 45 6 11 54 42 3 4 4 39 37 61 6
27 23 12 49 13 6 11 22 29 13 6 8 51 30 53 29 6 41 48 24 20 9 60 28 11 6 69 30 60 6 56
49 64 8 11 6 56 3 12 35 8 6 11 32 38 6 31 51 60 41 72 11 29 1 56 65 56 19 24 13 48 12
48 6 11 15 75 49 13 65 30 15 59 22 6 21 16 5 14 6 19 51 30 19 6 23 16 22 49 5 1 6 38
28 13 13 9 6 49 35 37 6 23 15 55 14 6 72 24 42 6 28 29 55 56 6 15 23 38 6 23 4 42 12
14 11 25 3 15 24 45 65 57 6 3 9 5 53 47 6 69 26 53 6 7 48 20 4 6 30 40 4 34 22 3
62 44 10 6 43 46 36 6 17 45 46 12 57 11 10 3 47 34 44 11 17 42 22 54 28 67 6 48 39 41 43
4 10 17 46 6 46 36 47 65 50 6 67 34 20 75 56 1 3 6 26 34 46 39 6 28 28 74 30 6 57 20
19 11 6 61 3 23 6 15 3 48 6 54 39 41 31 39 6 16 23 43 27 30 6 30 49 30 30 15 26 11 3
57 9 3 6 31 3 64 57 6 61 20 44 36 4 6 47 16 24 6 37 22 64 12 10 6 36 10 12 30 48 6
41 65 42 23 10 6 14 46 60 39 65 53 69 20 25 3 39 40 35 20 67 24 67 69 49 64 34 39 13 48 11
42 49 9 6 15 15 14 6 26 45 29 6 56 22 72 49 25 6 62 15 62 10 50 6 23 24 4 51 63 45 34
6 62 55 20 56 52 65 64 62 28 49 8 16 13 69 57 25 56 17 8 3 17 69 6 66 17 17 49 9 6 24
29 64 6 11 62 45 57 12 17 53 43 4 40 48 34 30 6 26 13 29 6 59 47 8 17 6 1 65 20 12 6
15 24 20 30 39 9 56 75 45 55 56 6 50 22 11 6 4 22 20 3 46 23 15 38 23 13 16 7 29 10 7
8 8 6 49 23 65 59 67 6 26 52 34 19 13 6 46 15 44 6 23 74 10 57 49 51 22 6 3 30 51 6
13 39 65 6 25 20 40 4 6 46 41 42 29 67 11 57 66 10 20 6 53 14 12 21 48 6 21 8 28 5 12
6 25 44 65 45 6 23 48 69 6 56 22 29 51 49 17 20 63 69 6 64 10 29 31 38 49 15 5 3 42 19
3 29 11 6 41 42 56 35 33 36 6 41 26 4 6 9 33 61 6 63 55 10 35 6 44 68 12 64 6 49 3
22 49 51 49 23 36 40 8 6 30 18 57 6 24 36 62 6 23 36 12 42 14 6 37 56 45 6 57 3 45 6
39 40 18 6 57 50 1 64 8 6 34 56 30 56 30 1 49 28 1 27 6 47 64 4 43 20 6 39 4 39 6
17 35 48 45 6 36 12 77 8 9 20 26 10 26 28 6 45 34 63 43 6 44 54 15 6 29 22 13 25 13 15
43 21 3 30 48 65 9 3 44 68 6 35 3 12 13 50 6 30 3 35 59 6 28 67 36 10 6 55 69 35 6
61 38 8 65 37 3 6 18 39 50 30 6 53 67 34 56 6 42 1 28 6 34 42 3 21 16 26 11 21 3 75
12 46 6 57 1 5 28 6 8 54 72 60 6 57 3 10 6 35 49 28 13 51 18 6 31 29 15 48 41 6 46
49 35 17 1 10 15 16 49 12 4 39 50 28 69 14 44 34 9 1 56 6 56 56 61 13 1 44 34 74 3 69
3 67 29 6 53 23 46 55 14 35 27 28 6 48 9 10 35 49 15 46 20 13 28 56 76 8 6 63 28 21 41
20 6 50 40 47 36 11 6 69 26 28 4 6 4 34 10 62 42 6 29 57 55 6 54 9 35 72 6 46 53 13
57 44 40 3 26 6 69 27 30 3 45 70 20 56 6 28 20 62 13 9 47 74 66 6 59 30 5 45 6 56 12
3 22 17 6 24 52 11 34 22 45 56 24 12 59 48 36 49 6 30 63 3 6 46 67 15 6 25 34 22 11 9
6 53 37 46 3 65 6 8 20 18 8 37 6 5 17 12 55 6 18 26 64 65 49 26 12 57 45 43 46 60 6
63 56 39 69 75 6 39 9 39 6 9 40 9 9 22 65 17 14 6 67 39 7 62 49 45 49 61 9 24 6 55
61 49 6 33 37 8 9 56 45 35 44 6 11 4 11 45 6 13 18 10 24 6 1 12 1 6 65 70 52 37 6
28 10 24 6 49 3 69 53 6 46 10 67 23 6 30 30 75 58 30 57 10 37 12 60 53 48 10 6 18 1 63
59 46 26 65 11 6 1 45 67 9 6 17 15 67 6 11 12 29 9 34 6 75 12 43 48 44 6 55 67 22 66
6 44 10 37 5 9 4 36 20 28 28 24 10 46 19 35 45 29 8 8 69 10 8 48 18 6 7 60 12 6 23
49 8 50 15 9 6 38 65 64 3 42 6 10 24 12 65 6 56 53 30 6 13 44 30 29 6 46 42 24 6 40
34 60 11 6 17 12 16 11 26 28 53 50 24 6 12 48 19 6 28 13 59 27 30 19 57 64 6 13 5 25 6
25 67 7 53 6 45 8 44 3 4 27 7 70 63 29 29 32 1 4 6 19 9 27 61 26 6 18 29 67 52 64
6 3 67 26 6 1 11 12 2 1 59 6 20 22 22 6 54 37 37 6 31 54 46 38 7 8 37 12 40 4 7
1 3 6 35 10 20 53 37 6 49 19 4 40 6 67 70 42 63 13 38 15 64 6 23 48 25 57 35 46 30 75
10 10 49 6 45 55 66 57 44 6 44 40 12 50 6 14 20 24 53 48 57 13 31 30 34 29 13 49 51 6 56
56 40 36 49 3 44 14 23 6 46 13 2 62 44 6 54 60 12 11 15 64 8 67 39 1 57 30 6 20 45 19
18 56 6 55 33 45 25 6 61 39 9 4 6 28 74 53 1 6 22 5 14 6 4 12 49 69 45 49 38 11 36
28 72 17 6 55 8 5 13 35 6 69 50 43 6 44 20 57 50 6 37 1 57 45 17 6 17 4 46 34 22 68
13 37 57 6 32 9 62 50 6 3 35 34 6 12 44 34 6 12 48 50 6 34 9 28 4 6 62 5 70 48 8
3 4 22 24 44 6 8 69 1 4 39 6 47 35 65 4 26 28 49 66 6 47 46 56 6 17 45 4 6 20 8
53 70 38 30 9 49 64 6 18 11 53 53 50 6 29 15 17 10 6 41 1 34 15 12 6 57 19 39 6 74 22
18 36 6 30 16 44 53 53 6 48 21 45 6 7 15 23 7 39 5 6 35 22 29 6 45 13 22 11 48 6 4
66 35 38 49 27 45 53 5 1 6 56 75 3 17 6 54 15 26 4 53 6 11 28 48 50 6 22 1 4 6 50
64 48 22 21 38 44 8 67 40 29 11 66 45 17 26 39 19 54 17 38 6 46 17 18 2 6 13 31 43 65 6
56 9 16 6 16 37 56 6 53 23 11 3 63 37 24 34 36 66 1 23 6 54 31 30 46 6 59 17 23 26 49
51 10 12 6 30 55 10 32 6 23 16 9 61 6 14 66 29 6 16 28 63 6 36 23 37 69 5 6 49 55 69
6 45 8 56 3 75 15 28 6 10 3 57 68 53 6 56 52 4 39 25 29 10 36 6 51 1 28 12 6 4 26
53 33 6 49 12 50 6 51 34 44 3 6 13 8 69 12 40 6 20 18 37 6 18 13 4 69 22 6 34 8 68
62 64 10 8 1 4 10 6 19 8 30 10 17 6 4 66 34 6 29 22 67 13 8 61 1 15 4 6 34 1 14
8 20 5 6 39 38 24 6 58 38 36 6 65 26 39 6 9 13 15 68 24 62 49 17 6 11 77 65 49 67 6
24 28 8 68 6 13 1 31 38 6 30 36 12 6 14 4 51 41 34 44 34 11 45 13 42 39 6 40 29 44 24
6 4 39 3 4 42 50 58 29 59 57 64 6 51 9 10 30 6 13 27 56 20 10 28 56 31 6 61 57 10 17
6 5 23 59 67 22 6 17 46 10 26 9 6 52 12 28 24 31 22 33 44 8 35 5 24 43 27 8 24 11 20
24 35 30 23 62 47 54 30 19 11 46 6 57 21 24 34 46 12 24 69 51 30 6 23 17 61 11 6 28 17 23
47 8 38 24 46 12 10 6 17 51 4 43 34 45 28 9 9 6 18 61 12 10 6 70 12 54 50 6 23 25 5
17 6 28 34 47 69 4 6 38 37 2 56 67 28 35 8 6 10 49 5 13 46 38 6 34 49 48 6 53 75 9
11 6 70 57 50 29 6 9 44 29 56 34 6 30 45 30 8 6 49 54 45 6 37 19 15 43 34 39 41 18 15
35 8 39 43 6 25 30 14 3 6 13 49 47 25 6 7 46 9 6 51 3 24 7 17 6 16 64 14 46 34 6
58 7 30 6 60 42 12 49 45 6 20 53 38 30 29 10 18 62 19 15 6 1 34 24 19 44 2 28 20 62 67
23 5 44 74 6 1 38 34 6 62 40 18 21 46 6 29 17 45 8 6 11 5 33 25 6 15 28 21 45 6 16
49 35 6 62 32 18 60 9 1 37 75 6 36 19 68 35 19 55 48 6 24 20 64 28 17 30 6 29 5 22 20
6 2 38 37 6 33 40 26 23 6 3 42 35 3 59 40 21 38 54 34 13 3 47 6 75 34 12 67 18 65 27
29 1 31 6 31 14 7 1 39 6 55 35 30 9 34 6 12 26 40 3 6 64 4 37 4 24 6 48 67 32 6
14 53 28 53 6 36 24 49 6 44 22 42 34 53 17 23 7 30 6 34 34 64 24 7 47 25 9 42 6 60 39
21 47 45 6 40 44 41 23 19 23 8 28 24 6 8 33 3 25 2 6 13 37 19 53 10 6 36 8 34 49 41
20 64 47 11 7 10 3 6 62 36 28 6 56 4 5 24 6 21 64 9 6 54 28 51 40 37 28 3 8 46 60
46 4 6 8 35 30 36 18 54 57 45 6 10 45 13 45 6 42 11 64 36 6 5 13 36 6 34 73 14 67 19
28 61 37 9 29 46 28 40 15 29 7 8 43 6 4 31 34 51 53 6 42 30 59 37 46 19 27 23 8 18 39
42 65 16 24 7 6 53 35 46 6 9 57 45 13 6 46 67 11 6 41 8 50 30 6 10 20 13 6 46 3 5
10 34 44 43 28 6 52 50 17 6 75 13 13 40 18 6 28 35 23 42 40 6 49 3 49 44 21 6 14 13 29
6 40 46 4 30 24 37 21 6 10 1 66 6 18 48 57 6 46 37 37 14 53 6 12 60 34 46 6 23 61 9
6 62 46 45 14 21 6 3 29 49 6 66 1 12 43 36 13 3 6 48 39 10 15 13 18 49 8 42 74 13 6
24 15 28 75 6 64 1 36 6 8 40 12 8 8 46 28 57 53 5 44 6 4 75 31 6 24 42 13 6 8 10
10 15 20 4 49 4 6 17 39 22 46 45 42 40 64 20 14 44 66 12 6 25 42 30 31 52 45 10 36 57 6
1 65 52 40 26 47 46 60 6 29 38 56 25 7 6 56 1 17 42 6 9 64 24 6 15 11 3 67 18 30 6
4 39 23 60 47 45 13 6 23 23 46 6 29 19 37 45 40 13 68 40 34 53 59 6 63 50 21 6 4 23 44
7 6 23 57 14 46 6 20 75 60 6 55 7 29 6 14 55 63 6 61 45 30 20 6 17 44 65 8 43 35 51
29 6 26 39 67 37 53 6 17 29 3 6 10 29 45 53 6 12 22 25 6 34 16 65 45 5 3 26 55 17 39
21 28 53 61 6 37 3 15 66 22 6 3 45 3 8 66 37 58 65 40 6 5 8 49 35 6 43 17 34 35 3
