1 2 3 2 4 2 5 2 6 3 2 4 2 5 2 7 3 2 4 2 5 2 8 5 2 9 5 2 10 5 2
11 5 2 12 2 13 2 14 15 2 16 2 14 2 17 2 15 18 2 16 2 15 2 17 2 18 19 15 2 17 2
20 2 21 22 2 23 2 24 2 23 25 26 2 27 15 2 17 2 20 2 21 28 2 23 2 24 2 23 29 2 27
15 2 17 2 20 2 21 30 2 23 2 24 2 23 25 2 27 19 15 2 17 2 20 2 21 31 2 23 2 24 2
23 32 2 27 15 2 17 2 33 2 21 34 2 23 2 35 2 23 25 36 37 2 27 15 2 17 2 33 2 21 38
2 23 2 39 2 23 40 41 2 27 15 2 17 2 42 2 21 2 43 2 23 2 44 2 23 2 45 2 27 15 2
17 2 42 2 21 2 46 2 23 2 44 2 23 2 45 2 27 15 2 17 2 33 2 21 2 47 2 23 2 48 2
23 2 49 2 27 15 2 17 2 33 2 21 2 50 2 23 2 51 2 23 2 49 2 27 15 2 17 2 52 2 21
2 53 2 23 2 54 2 23 2 25 2 27 15 2 17 2 33 2 21 2 55 2 23 2 56 2 23 2 57 2 27
15 2 17 2 33 2 21 2 58 2 23 2 59 2 23 2 57 2 27 15 2 17 2 33 2 21 2 60 2 23 2
61 2 23 62 2 27 15 2 17 2 33 2 21 2 63 2 23 2 61 2 23 62 2 27 15 2 17 2 33 2 21
2 64 2 23 2 65 2 23 2 40 2 27 15 2 17 2 42 2 21 2 66 2 23 2 44 2 23 2 45 2 27
14 2 17 2 15 2 17 2 20 2 21 67 2 23 2 24 2 23 25 68 69 2 27 14 2 17 2 15 2 17 2
20 2 21 70 2 23 2 24 2 23 71 72 73 2 27 14 2 17 2 15 2 17 2 20 2 21 74 2 23 2 24
2 23 71 72 73 2 27 14 2 17 2 15 2 17 2 20 2 21 2 75 2 23 2 24 2 23 2 71 2 27 15
2 17 2 33 2 21 76 2 23 2 51 2 23 77 2 27 78 2 79 2 21 2 80 2 23 2 81 2 23 2 82
2 23 83 2 23 2 84 2 23 2 85 2 23 86 2 27 2 87 88 2 89 78 2 90 2 21 2 91 2 23 2
92 2 23 2 93 2 23 2 94 2 27 2 87 2 88 88 2 95 14 2 17 2 96 2 17 2 97 2 21 2 98
2 27 99 2 100 2 101 2 102 2 21 2 91 2 17 2 103 2 21 2 27 2 27 2 87 88 2 14 2 17 2
96 2 17 2 97 2 21 2 88 2 104 2 21 2 100 2 23 2 91 2 105 2 100 2 106 2 17 2 107 2 27
2 27 88 2 108 2 16 2 91 2 105 2 109 2 106 110 2 16 2 91 2 105 2 111 2 106 112 2 16 2 91
2 105 2 113 2 106 114 2 16 2 91 2 105 2 115 2 106 116 2 16 2 91 2 105 2 117 2 106 118 2 16
2 91 2 105 2 119 2 106 120 2 16 2 91 2 105 2 121 2 106 122 2 16 2 21 2 93 2 123 2 14 2
17 2 124 2 17 2 125 2 17 2 126 2 27 127 2 16 2 10 2 17 2 128 2 21 129 2 16 2 80 2 23
122 2 16 2 122 2 23 108 2 16 2 108 2 23 110 2 16 2 110 2 23 130 2 16 2 112 2 23 86 2 16
2 86 2 27 21 2 131 2 23 132 2 23 2 133 2 27 2 16 2 134 2 21 80 2 23 2 127 2 17 2 135
2 21 2 27 2 23 2 127 2 17 2 136 2 21 2 27 2 23 114 2 23 2 116 2 23 2 118 2 27 21 2
137 2 23 2 138 2 23 139 2 27 2 16 2 140 2 21 80 2 23 2 127 2 17 2 141 2 21 2 27 2 23
2 120 2 27 142 2 16 2 131 2 143 2 137 144 2 16 2 14 2 17 2 145 2 21 2 27 146 2 16 2 147
2 148 149 2 16 2 24 150 2 81 2 87 88 2 21 2 151 2 23 2 146 27 2 16 2 10 2 17 2 152 2
21 2 144 2 23 2 81 2 27 150 2 85 2 87 88 2 78 2 153 2 21 2 27 2 87 88 2 14 2 17 2
154 2 17 2 155 2 21 2 81 2 23 2 151 2 27 156 2 14 2 17 2 154 2 17 2 157 2 21 2 27 88
2 149 2 16 2 153 88 2 158 2 87 88 2 14 2 17 2 154 2 17 2 155 2 21 2 81 2 23 2 151 2
27 88 2 88 2 14 2 17 2 96 2 17 2 97 2 21 2 159 2 27 99 2 160 2 101 2 144 2 87 88 2
161 2 16 2 162 150 2 160 2 17 2 100 2 101 2 146 2 87 88 2 161 2 16 2 163 88 2 14 2 17 2
96 2 17 2 97 2 21 2 88 2 23 2 160 2 17 2 100 2 23 2 160 2 17 2 107 2 23 161 2 27 88
2 164 2 16 2 24 150 2 93 2 123 2 14 2 17 2 124 2 17 2 125 2 17 2 126 2 87 88 2 165 2
16 2 11 2 17 2 166 2 21 142 2 23 2 82 2 23 2 83 2 23 2 84 2 23 2 85 2 27 164 2 16
2 14 2 17 2 167 2 17 2 168 2 17 2 169 2 21 93 2 16 2 93 2 23 170 2 16 2 142 2 23 165
2 16 2 165 2 23 149 2 16 2 149 2 27 88 2 171 2 93 2 123 2 14 2 17 2 124 2 17 2 125 2
17 2 172 2 87 88 2 78 2 173 2 21 2 132 2 23 2 133 2 23 2 116 2 23 118 2 23 2 138 2 23
139 2 23 2 120 2 27 2 87 88 2 174 133 2 16 2 14 2 17 2 175 2 21 2 133 2 23 105 2 176 2
177 2 23 2 133 2 17 2 107 2 105 2 176 2 177 2 106 2 106 2 27 178 2 16 2 14 2 17 2 179 2
21 133 2 23 2 180 2 16 2 176 2 177 2 23 2 181 2 16 2 14 2 17 2 182 2 27 132 2 16 2 14
2 17 2 175 2 21 2 132 2 23 2 105 2 176 2 177 2 106 2 27 116 2 16 2 14 2 17 2 175 2 21
2 116 2 23 2 105 2 176 2 177 2 106 2 27 118 2 16 2 14 2 17 2 175 2 21 2 118 2 23 2 105
2 176 2 177 2 106 2 27 183 2 16 2 14 2 17 2 184 2 17 2 185 2 21 92 2 16 2 116 2 23 186
2 16 2 178 2 23 187 2 16 2 118 2 27 188 2 16 2 14 2 17 2 184 2 17 2 189 2 21 190 2 16
2 132 2 23 2 187 2 16 2 118 2 27 139 2 16 2 14 2 17 2 175 2 21 139 2 23 2 105 2 176 2
177 2 23 2 139 2 17 2 107 2 105 2 176 2 177 2 106 2 106 2 27 191 2 16 2 14 2 17 2 179 2
21 139 2 23 2 180 2 16 2 176 2 177 2 23 2 181 2 16 2 14 2 17 2 182 2 27 120 2 16 2 14
2 17 2 175 2 21 2 120 2 23 2 105 2 176 2 177 2 106 2 27 192 2 16 2 14 2 17 2 184 2 17
2 185 2 21 92 2 16 2 120 2 23 2 186 2 16 2 191 2 27 193 2 16 2 14 2 17 2 184 2 17 2
189 2 21 190 2 16 2 138 2 27 156 2 147 194 2 87 2 183 2 23 195 2 87 2 188 2 23 196 2 87 2
192 2 23 197 2 87 2 193 2 23 148 88 2 198 2 16 2 21 2 173 2 23 2 105 132 2 23 2 133 2 23
2 116 2 23 118 2 23 2 138 2 23 139 2 23 2 120 106 2 27 164 2 16 2 14 2 17 2 167 2 17 2
168 2 17 2 169 2 21 93 2 16 2 93 2 23 170 2 16 2 142 2 23 198 2 16 2 198 2 23 149 2 16
2 149 2 27 88 2 158 2 87 88 2 199 2 200 2 21 2 77 2 104 2 21 2 93 2 27 2 27 88 2 156
2 164 88 2 156 2 90 88 2 78 2 134 2 21 2 80 2 23 2 201 2 23 2 202 2 23 2 203 2 23 204
2 23 2 205 2 27 2 87 88 2 206 201 2 16 2 207 2 21 2 201 2 23 2 203 2 27 208 2 14 2 17
2 209 2 21 2 210 2 27 2 87 88 88 88 2 208 2 14 2 17 2 209 2 21 2 211 2 27 2 87 88 2
201 2 16 2 14 2 17 2 212 2 17 2 213 2 21 201 2 23 214 2 16 2 80 2 17 2 215 2 23 216 2
16 2 10 2 17 2 217 2 21 2 80 2 17 2 218 2 27 2 23 219 2 16 2 10 2 17 2 220 2 21 80
2 17 2 221 2 27 2 27 201 2 16 2 10 2 17 2 222 2 21 2 201 2 27 88 88 88 2 223 2 16 2
14 2 17 2 224 2 21 225 2 23 107 2 16 2 105 2 80 2 17 2 226 2 106 2 23 227 2 16 2 14 2
17 2 228 2 21 2 27 2 27 229 2 16 2 14 2 17 2 230 2 21 2 201 2 23 2 202 2 23 2 231 2
16 2 232 2 27 229 2 16 2 14 2 17 2 233 2 17 2 234 2 21 2 229 2 23 2 223 2 27 235 2 16
2 14 2 17 2 233 2 17 2 236 2 21 2 229 2 23 2 180 2 16 2 176 2 177 2 27 204 2 16 2 14
2 17 2 175 2 21 2 204 2 23 2 105 2 176 2 177 2 106 2 27 205 2 16 2 14 2 17 2 175 2 21
2 205 2 23 2 105 2 176 2 177 2 106 2 27 237 2 16 2 14 2 17 2 238 2 21 204 2 23 2 239 2
16 2 80 2 17 2 226 2 23 2 240 2 16 2 14 2 17 2 241 2 27 88 88 88 88 242 2 16 2 176 2
14 2 17 2 243 2 21 2 235 2 244 2 237 2 23 2 180 2 16 2 105 2 176 2 177 2 106 2 27 245 2
16 2 14 2 17 2 243 2 21 2 205 2 244 2 242 2 27 246 2 16 2 14 2 17 2 243 2 21 2 205 2
27 2 143 2 247 170 2 16 2 245 2 248 2 246 88 2 156 2 21 2 170 2 23 2 242 2 23 2 235 2 27
88 2 78 2 140 2 21 2 80 2 23 2 201 2 23 2 92 2 27 2 87 88 2 206 88 88 208 2 14 2 17
2 209 2 21 2 249 2 27 2 87 88 2 202 2 16 2 14 2 17 2 224 2 21 250 2 23 107 2 16 2 105
2 251 2 23 2 80 2 17 2 215 2 106 2 23 227 2 16 2 10 2 17 2 220 2 21 2 80 2 17 2 221
2 27 2 27 223 2 16 2 14 2 17 2 224 2 21 225 2 23 2 107 2 16 2 105 2 251 2 106 2 23 2
227 2 16 2 14 2 17 2 228 2 21 2 27 2 27 229 2 16 2 14 2 17 2 230 2 21 2 201 2 23 2
202 2 23 2 231 2 16 2 232 2 27 229 2 16 2 14 2 17 2 233 2 17 2 234 2 21 2 229 2 23 2
223 2 27 235 2 16 2 14 2 17 2 233 2 17 2 236 2 21 2 229 2 23 2 180 2 16 2 176 2 177 2
27 92 2 16 2 14 2 17 2 175 2 21 2 92 2 23 2 105 2 176 2 177 2 106 2 27 237 2 16 2 14
2 17 2 238 2 21 2 92 2 23 2 239 2 16 2 251 2 23 2 240 2 16 2 14 2 17 2 241 2 27 242
2 16 2 176 2 14 2 17 2 243 2 21 2 237 2 244 2 235 2 23 2 180 2 16 2 176 2 177 2 27 170
2 16 2 14 2 17 2 252 2 21 2 242 2 27 156 2 21 2 170 2 23 2 242 2 23 2 235 2 27 88 2
88 2 78 2 207 2 21 2 253 2 23 2 203 2 27 2 87 88 2 254 255 2 16 2 10 2 17 2 256 2 21
2 253 2 23 2 257 2 16 2 258 2 27 259 2 16 2 255 2 105 2 260 2 106 261 2 16 2 255 2 105 2
177 2 106 262 2 16 2 255 2 105 2 251 2 106 263 2 16 2 14 2 17 2 175 2 21 14 2 17 2 264 2
21 2 260 2 23 2 259 2 23 2 240 2 16 2 14 2 17 2 182 2 27 2 244 2 261 2 23 2 105 2 176
2 177 2 23 2 177 2 106 2 27 265 2 16 2 14 2 17 2 175 2 21 2 203 2 143 2 263 2 23 2 105
2 176 2 177 2 106 2 27 266 2 16 2 14 2 17 2 175 2 21 2 253 2 23 105 2 259 2 244 2 261 2
23 2 262 2 106 2 27 267 2 16 2 14 2 17 2 268 2 21 2 266 2 23 2 265 2 27 156 2 267 88 2
78 2 269 2 21 2 270 2 23 271 2 23 272 2 23 122 2 23 273 2 16 2 274 2 27 2 87 88 2 275 78
2 276 2 21 2 94 2 27 2 87 88 2 95 259 2 16 2 94 2 105 2 277 2 106 278 2 16 2 147 109 2
87 14 2 17 2 279 2 21 2 105 2 271 2 106 2 23 2 14 2 17 2 280 2 27 2 23 111 2 87 14 2
17 2 279 2 21 2 105 2 271 2 106 2 23 2 14 2 17 2 280 2 27 2 23 113 2 87 14 2 17 2 279
2 21 2 105 2 271 2 106 2 23 2 14 2 17 2 280 2 27 2 23 115 2 87 14 2 17 2 279 2 21 2
105 2 272 2 106 2 23 2 14 2 17 2 280 2 27 2 23 117 2 87 14 2 17 2 279 2 21 2 105 2 272
2 106 2 23 2 14 2 17 2 280 2 27 2 23 119 2 87 14 2 17 2 279 2 21 2 105 2 272 2 106 2
23 2 14 2 17 2 241 2 27 2 23 121 2 87 14 2 17 2 279 2 21 2 105 2 177 2 106 2 23 2 14
2 17 2 280 2 27 2 23 148 88 88 150 2 122 2 87 88 2 281 2 16 2 14 2 17 2 282 2 17 2 283
2 17 2 284 2 21 2 14 2 17 2 285 2 21 2 270 2 27 2 27 281 2 16 2 281 2 17 2 286 2 21
2 27 281 2 16 2 281 2 17 2 287 2 21 2 288 2 16 2 289 2 21 2 270 2 27 2 27 88 290 2 16
2 291 2 21 2 273 2 23 2 289 2 21 2 270 2 27 2 27 88 88 281 2 16 2 281 2 17 2 292 2 21
14 2 17 2 167 2 17 2 282 2 17 2 293 2 21 14 2 17 2 282 2 17 2 294 2 23 295 2 16 2 122
2 23 290 2 16 2 290 2 27 2 27 281 2 16 2 281 2 17 2 287 2 21 2 288 2 16 2 65 2 27 88
2 158 2 87 88 2 281 2 16 2 14 2 17 2 282 2 17 2 294 2 21 2 270 2 27 88 88 281 2 16 2
281 2 17 2 286 2 21 2 27 88 88 88 88 88 2 281 2 16 2 281 2 17 2 292 2 21 14 2 17 2 167
2 17 2 282 2 17 2 296 2 21 297 2 298 2 87 2 299 2 21 2 298 2 23 2 278 2 27 2 23 259 2
16 2 259 2 23 300 2 16 2 273 2 23 301 2 16 2 232 2 27 2 27 156 2 281 88 2 156 2 276 88 2
78 2 299 2 21 2 298 2 23 2 278 2 27 2 87 88 2 302 303 2 16 2 14 2 17 2 304 2 21 2 298
2 23 2 278 2 27 88 88 99 2 100 2 101 2 305 2 21 2 303 2 17 2 103 2 21 2 27 2 27 2 87
88 2 306 2 16 2 303 2 105 2 100 2 106 150 2 306 2 17 2 240 2 123 2 14 2 17 2 280 2 87 88
2 306 2 16 2 14 2 17 2 307 2 21 2 306 2 27 88 2 303 2 105 2 100 2 106 2 16 2 306 88 2
156 2 303 88 2 78 2 308 2 21 2 309 2 27 2 87 88 2 14 2 17 2 96 2 17 2 310 2 21 2 14
2 17 2 96 2 17 2 311 2 27 150 2 312 2 18 2 17 2 313 2 314 2 312 2 18 2 17 2 315 2 87
88 2 199 2 200 2 21 2 316 2 27 88 2 80 2 16 2 10 2 17 2 317 2 17 2 318 2 21 2 18 2
17 2 319 2 27 14 2 17 2 320 2 17 2 321 2 21 2 18 2 17 2 322 2 27 270 2 16 2 105 2 106
99 2 323 2 101 2 18 2 17 2 324 2 17 2 325 2 21 2 326 2 27 2 87 88 2 270 2 17 2 327 2
21 2 14 2 17 2 320 2 17 2 328 2 21 2 323 2 27 2 27 88 2 14 2 17 2 96 2 17 2 97 2
21 2 98 2 27 99 2 324 2 101 2 270 2 87 88 2 14 2 17 2 96 2 17 2 97 2 21 2 88 2 104
2 324 2 27 88 2 329 2 16 2 24 150 2 18 2 17 2 85 2 314 2 18 2 17 2 330 2 87 88 2 329
2 16 2 14 2 17 2 167 2 17 2 331 2 17 2 332 2 21 18 2 17 2 330 2 23 2 333 2 16 2 18
2 17 2 334 2 23 2 335 2 16 2 18 2 17 2 336 2 27 88 2 337 2 16 2 14 2 17 2 167 2 17
2 168 2 17 2 338 2 17 2 339 340 2 16 2 14 2 17 2 167 2 17 2 168 2 17 2 341 2 21 342 2
16 2 329 2 23 343 2 16 2 18 2 17 2 343 2 23 344 2 16 2 18 2 17 2 322 2 23 345 2 16 2
18 2 17 2 345 2 23 346 2 16 2 14 2 17 2 167 2 17 2 168 2 17 2 347 2 21 348 2 16 2 18
2 17 2 348 2 23 349 2 16 2 18 2 17 2 350 2 23 351 2 16 2 337 2 27 2 27 90 2 16 2 79
2 21 80 2 16 2 80 2 23 81 2 16 2 18 2 17 2 81 2 23 82 2 16 2 18 2 17 2 82 2 23
83 2 16 2 18 2 17 2 83 2 23 84 2 16 2 18 2 17 2 84 2 23 85 2 16 2 18 2 17 2 85
2 23 86 2 16 2 18 2 17 2 85 2 27 88 88 124 2 16 2 14 2 17 2 167 2 17 2 168 2 17 2
352 2 21 85 2 16 2 18 2 17 2 85 2 23 90 2 16 2 90 2 23 129 2 16 2 340 2 23 353 2 16
2 18 2 17 2 353 2 23 354 2 16 2 18 2 17 2 354 2 27 150 2 18 2 17 2 313 2 87 88 2 14
2 17 2 96 2 17 2 97 2 21 2 355 2 27 14 2 17 2 96 2 17 2 97 2 21 2 88 2 23 2 18
2 17 2 353 2 27 356 2 16 2 269 2 21 270 2 16 2 270 2 23 271 2 16 2 18 2 17 2 271 2 23
272 2 16 2 18 2 17 2 272 2 23 122 2 16 2 232 2 27 124 2 17 2 154 2 21 2 276 2 16 2 356
2 23 2 357 2 16 2 18 2 17 2 83 2 27 88 2 150 2 18 2 17 2 315 2 87 88 2 14 2 17 2
96 2 17 2 97 2 21 2 355 2 27 14 2 17 2 96 2 17 2 97 2 21 2 88 2 23 2 18 2 17 2
354 2 27 358 2 16 2 269 2 21 270 2 16 2 270 2 23 271 2 16 2 18 2 17 2 271 2 23 272 2 16
2 18 2 17 2 272 2 23 122 2 16 2 44 2 27 359 2 16 2 124 2 17 2 360 2 21 276 2 16 2 358
2 23 2 361 2 16 2 18 2 17 2 362 2 27 363 2 16 2 9 2 17 2 364 2 17 2 365 2 21 2 18
2 17 2 322 2 23 2 366 2 27 208 2 14 2 17 2 320 2 17 2 367 2 21 2 363 2 23 2 368 2 27
2 13 2 369 2 87 88 2 14 2 17 2 96 2 17 2 97 2 21 2 355 2 27 99 2 370 2 101 2 102 2
21 2 359 2 17 2 103 2 21 2 27 2 27 2 87 88 2 14 2 17 2 96 2 17 2 97 2 21 2 88 2
23 2 370 2 23 2 371 2 21 2 359 2 105 2 370 2 106 2 27 2 27 369 2 17 2 372 2 21 2 373 2
104 2 21 2 370 2 23 2 371 2 21 2 359 2 105 2 370 2 106 2 27 2 27 2 27 88 2 88 2 88 2
88 2 150 2 374 2 123 2 375 2 87 88 2 15 2 17 2 376 2 21 2 28 2 27 15 2 17 2 376 2 21
2 22 2 27 15 2 17 2 376 2 21 2 30 2 27 14 2 17 2 377 2 17 2 378 2 21 2 27 88 2 3
2 4 2 5 2 6 3 2 4 2 5 2 7 3 2 4 2 5 2 8 5 2 379 5 2 380 5 2 381 5 2
9 5 2 382 5 2 10 5 2 11 5 2 383 5 2 384 5 2 12 2 13 2 14 15 2 16 2 14 2 17 2
15 18 2 16 2 15 2 17 2 18 19 15 2 17 2 20 2 21 22 2 23 2 24 2 23 25 26 2 27 15 2
17 2 20 2 21 2 385 2 23 2 24 2 23 25 2 27 15 2 17 2 20 2 21 30 2 23 2 24 2 23 25
2 27 19 15 2 17 2 20 2 21 2 386 2 23 2 24 2 23 387 2 27 15 2 17 2 20 2 21 388 2 23
2 24 2 23 387 2 27 15 2 17 2 20 2 21 31 2 23 2 24 2 23 32 2 27 15 2 17 2 42 2 21
389 2 23 2 232 2 23 45 390 2 27 15 2 17 2 33 2 21 34 2 23 2 391 2 23 25 36 37 2 27 15
2 17 2 33 2 21 392 2 23 2 35 2 23 393 394 2 27 15 2 17 2 33 2 21 395 2 23 2 396 2 23
25 397 2 27 15 2 17 2 42 2 21 2 43 2 23 2 44 2 23 2 45 2 27 15 2 17 2 42 2 21 2
398 2 23 2 44 2 23 2 45 2 27 15 2 17 2 33 2 21 2 47 2 23 2 48 2 23 2 49 2 27 15
2 17 2 33 2 21 2 399 2 23 2 51 2 23 49 2 27 15 2 17 2 52 2 21 2 53 2 23 2 54 2
23 2 25 2 27 15 2 17 2 52 2 21 2 400 2 23 2 401 2 23 49 2 27 15 2 17 2 52 2 21 402
2 23 2 403 2 23 404 405 2 27 15 2 17 2 33 2 21 2 60 2 23 2 61 2 23 62 2 27 15 2 17
2 33 2 21 2 63 2 23 2 61 2 23 62 2 27 15 2 17 2 33 2 21 406 2 23 2 39 2 23 25 407
2 27 15 2 17 2 33 2 21 408 2 23 2 409 2 23 25 410 2 27 15 2 17 2 42 2 21 2 66 2 23
2 44 2 23 2 45 2 27 14 2 17 2 15 2 17 2 20 2 21 67 2 23 2 24 2 23 25 68 69 2 27
14 2 17 2 15 2 17 2 20 2 21 70 2 23 2 24 2 23 71 72 73 2 27 14 2 17 2 15 2 17 2
20 2 21 74 2 23 2 24 2 23 71 72 73 2 27 14 2 17 2 15 2 17 2 20 2 21 2 75 2 23 2
24 2 23 2 71 2 27 15 2 17 2 33 2 21 76 2 23 2 51 2 23 77 2 27 15 2 17 2 42 2 21
411 2 23 2 44 2 23 412 163 2 27 15 2 17 2 42 2 21 413 2 23 2 44 2 23 412 2 27 15 2 17
2 52 2 21 414 2 23 2 415 2 23 412 2 27 416 2 417 2 21 2 418 2 27 2 87 88 2 419 78 2 420
2 21 2 421 2 23 422 2 23 423 2 23 424 2 23 425 2 16 2 24 2 23 426 2 16 2 24 2 23 427 2
16 2 24 2 23 428 2 16 2 44 2 27 2 87 88 2 421 2 17 2 422 2 16 2 422 421 2 17 2 423 2
16 2 423 421 2 17 2 424 2 16 2 424 421 2 17 2 425 2 16 2 425 421 2 17 2 426 2 16 2 426 421
2 17 2 427 2 16 2 427 421 2 17 2 428 2 16 2 428 88 2 78 2 429 2 21 2 421 2 27 2 87 88
2 156 2 421 2 17 2 430 2 21 2 27 88 2 78 2 430 2 21 2 421 2 27 2 87 88 2 431 2 16 2
162 431 2 432 2 433 2 104 2 21 2 383 2 17 2 434 2 21 2 421 2 17 2 422 2 27 2 27 431 2 432
2 163 2 104 2 21 383 2 17 2 434 2 21 2 421 2 17 2 423 2 27 2 27 431 2 432 2 163 2 104 2
21 2 88 2 17 2 365 2 21 2 421 2 17 2 424 2 27 2 27 150 2 421 2 17 2 426 2 87 88 2 431
2 432 2 163 2 104 2 21 2 421 2 17 2 426 2 27 88 2 150 2 421 2 17 2 426 2 87 88 2 431 2
432 2 163 2 104 2 21 2 421 2 17 2 427 2 27 88 2 150 2 421 2 17 2 426 2 87 88 2 431 2 432
2 163 2 104 2 21 2 421 2 17 2 428 2 27 88 2 156 2 431 88 2 88 2 416 2 435 2 21 2 418 2
27 2 87 88 2 419 78 2 420 2 21 2 421 2 23 436 2 23 437 2 23 438 2 23 439 2 23 440 2 23 441
2 23 108 2 23 110 2 23 112 2 23 426 2 16 2 24 2 23 427 2 16 2 24 2 23 428 2 16 2 24 2
27 2 87 88 2 421 2 17 2 436 2 16 2 436 421 2 17 2 437 2 16 2 437 421 2 17 2 438 2 16 2
438 421 2 17 2 439 2 16 2 439 421 2 17 2 440 2 16 2 440 421 2 17 2 441 2 16 2 441 421 2 17
2 108 2 16 2 108 421 2 17 2 110 2 16 2 110 421 2 17 2 112 2 16 2 112 421 2 17 2 426 2 16
2 426 421 2 17 2 427 2 16 2 427 421 2 17 2 428 2 16 2 428 88 2 88 2 78 2 442 2 21 2 324
2 23 2 122 2 27 2 87 88 2 443 208 2 14 2 17 2 320 2 17 2 444 2 21 2 324 2 23 2 445 2
27 2 13 2 446 2 87 88 2 447 2 16 2 380 2 17 2 448 2 21 2 446 2 27 2 105 2 449 2 106 88
2 78 2 450 2 21 2 451 2 27 2 87 88 2 150 2 451 2 123 2 88 2 452 2 451 2 123 2 453 2 452
2 451 2 123 2 454 2 452 2 451 2 123 2 455 2 452 2 456 2 21 2 451 2 27 2 123 2 457 2 87 88
2 156 2 232 88 2 156 2 44 88 2 458 2 16 2 105 2 106 99 2 459 2 101 2 447 2 87 88 2 99 2
460 2 101 2 459 2 105 2 461 2 106 2 87 88 2 462 2 16 2 460 2 105 2 463 2 106 424 2 16 2 105
2 106 464 2 16 2 105 2 106 465 2 16 2 232 99 2 451 2 101 2 462 2 87 88 2 150 2 450 2 21 2
451 2 27 2 87 88 2 465 2 16 2 232 88 2 158 2 87 88 2 150 2 465 2 87 88 2 424 2 17 2 466
2 21 2 451 2 27 88 2 158 2 87 88 2 424 2 105 2 176 2 177 2 106 2 432 2 451 88 2 465 2 16
2 44 88 2 464 2 17 2 466 2 21 2 289 2 21 2 424 2 27 2 176 2 177 2 27 88 2 99 2 467 2
101 2 460 2 105 2 468 2 106 2 87 88 2 422 2 16 2 467 2 105 2 469 2 106 423 2 16 2 467 2 105
2 470 2 106 426 2 16 2 24 427 2 16 2 24 425 2 16 2 24 428 2 16 2 44 150 2 122 2 87 88 2
150 2 18 2 17 2 471 2 87 88 2 428 2 16 2 467 2 105 2 472 2 106 88 2 150 2 21 2 289 2 21
2 467 2 105 2 473 2 106 2 27 2 474 2 177 2 27 2 314 2 21 2 312 2 428 2 27 2 87 88 2 199
2 200 2 21 475 2 27 88 2 150 2 312 2 428 2 87 88 2 476 2 16 2 467 2 105 2 473 2 106 2 105
2 260 2 106 425 2 16 2 476 2 105 2 477 2 106 478 2 16 2 476 2 105 2 479 2 106 480 2 16 2 289
2 21 2 425 2 27 426 2 16 2 464 2 105 2 478 2 106 427 2 16 2 464 2 105 2 478 2 143 2 480 2
176 177 2 106 88 88 88 19 88 88 481 2 16 2 88 2 17 2 365 2 21 424 2 105 2 426 2 87 2 21 2
427 2 143 2 177 2 27 2 106 2 27 482 2 16 2 88 2 17 2 365 2 21 383 2 17 2 483 2 21 2 425
2 27 2 27 150 2 481 2 17 2 484 2 21 2 482 2 27 2 123 2 176 2 177 2 87 88 2 14 2 17 2
96 2 17 2 485 2 21 2 486 2 23 481 2 23 2 482 2 27 487 88 2 88 2 158 2 87 88 2 426 2 16
2 176 2 177 427 2 16 2 176 2 177 425 2 16 2 162 88 2 88 2 303 2 16 2 417 2 21 422 2 16 2
422 2 23 423 2 16 2 423 2 23 424 2 16 2 424 2 23 425 2 16 2 425 2 23 426 2 16 2 426 2 23
427 2 16 2 427 2 23 428 2 16 2 428 2 27 458 2 17 2 466 2 21 2 303 2 27 88 2 88 2 88 2
156 2 458 88 2 78 2 488 2 21 2 458 2 23 2 489 2 23 2 271 2 23 490 2 23 2 491 2 23 2 122
2 23 492 2 27 2 87 88 2 493 436 2 16 2 494 99 2 21 2 437 2 23 2 303 2 27 2 101 2 495 2
21 2 458 2 27 2 87 88 2 496 2 16 2 489 2 17 2 497 2 21 2 303 2 17 2 423 2 27 150 2 289
2 21 2 496 2 27 2 498 2 491 2 87 88 2 496 2 16 2 496 2 105 2 260 2 87 2 491 2 106 88 2
499 2 16 2 105 2 106 500 2 16 2 105 2 106 501 2 16 2 105 2 106 99 2 21 2 502 2 23 2 503 2
27 2 101 2 495 2 21 2 303 2 17 2 424 2 27 2 87 88 2 500 2 17 2 466 2 21 2 289 2 21 2
501 2 27 2 27 504 2 16 2 489 2 17 2 497 2 21 2 503 2 27 99 2 505 2 101 2 504 2 87 88 2
499 2 17 2 466 2 21 2 502 2 27 501 2 17 2 466 2 21 2 505 2 27 88 2 88 2 506 2 16 2 24
507 2 16 2 24 150 2 122 2 314 2 303 2 17 2 428 2 87 88 2 506 2 16 2 176 2 177 507 2 16 2
176 2 177 88 2 150 2 122 2 314 2 312 2 303 2 17 2 428 2 87 88 2 506 2 16 2 500 2 105 2 303
2 17 2 426 2 106 150 2 303 2 17 2 427 2 508 2 289 2 21 2 303 2 17 2 424 2 27 2 176 2 177
2 87 88 2 507 2 16 2 500 2 105 2 303 2 17 2 427 2 143 2 177 2 106 2 176 2 177 88 2 158 2
87 88 2 507 2 16 2 289 2 21 2 501 2 27 2 176 2 177 88 2 21 2 506 2 23 2 507 2 27 2 16
2 509 2 21 501 2 23 2 506 2 23 2 507 2 23 2 489 2 23 303 2 17 2 425 2 27 88 88 2 510 2
16 2 271 2 176 2 289 2 21 2 496 2 27 2 176 2 258 88 88 88 511 2 16 2 379 2 17 2 512 2 21
2 88 513 2 23 2 105 2 514 2 23 2 515 2 106 2 27 516 2 16 2 105 2 106 517 2 16 2 260 518 2
517 2 508 2 289 2 21 2 501 2 27 2 87 88 2 519 2 16 2 289 2 21 2 501 2 27 2 176 2 517 150
2 519 2 498 2 510 2 87 88 2 519 2 16 2 510 88 2 516 2 17 2 466 2 21 2 511 2 21 2 520 2
16 2 517 2 23 2 519 2 16 2 519 2 27 2 27 150 2 517 2 143 2 519 2 123 2 289 2 21 2 501 2
27 2 87 88 2 521 88 2 517 2 432 2 291 2 21 2 519 2 23 2 490 2 27 88 2 99 2 21 2 438 2
23 2 522 2 27 2 101 2 495 2 21 2 516 2 27 2 87 88 2 439 2 16 2 105 2 106 440 2 16 2 147
2 148 441 2 16 2 147 2 148 112 2 16 2 105 2 106 439 2 17 2 466 2 21 2 523 2 27 112 2 17 2
466 2 21 2 260 2 27 99 2 503 2 101 2 496 2 87 88 2 439 2 17 2 466 2 21 2 503 2 27 112 2
17 2 466 2 21 2 260 2 27 88 2 439 2 17 2 466 2 21 2 524 2 27 112 2 17 2 466 2 21 2 260
2 27 99 2 502 2 101 2 264 2 21 2 522 2 17 2 519 2 27 2 87 88 2 525 2 16 2 522 2 17 2
520 2 143 2 502 440 2 105 2 289 2 21 2 439 2 27 2 106 2 16 2 499 2 105 2 525 2 106 526 2 16
2 527 2 21 2 516 2 23 2 438 2 23 525 2 27 441 2 105 2 289 2 21 2 439 2 27 2 106 2 16 2
526 439 2 17 2 466 2 21 2 501 2 105 2 525 2 106 2 27 112 2 17 2 466 2 21 2 177 2 27 88 2
439 2 17 2 466 2 21 2 524 2 27 112 2 17 2 466 2 21 2 177 2 27 108 2 16 2 489 2 17 2 528
2 21 2 439 2 27 88 88 110 2 16 2 105 2 177 2 106 2 244 2 289 2 21 2 108 2 27 88 518 2 289
2 21 2 108 2 27 2 508 2 271 2 87 88 2 108 2 17 2 466 2 21 2 260 2 27 110 2 17 2 466 2
21 2 260 2 27 112 2 17 2 466 2 21 2 260 2 27 88 2 529 2 289 2 21 2 108 2 27 2 123 2 271
529 2 289 2 21 2 110 2 27 2 123 2 271 529 2 289 2 21 2 112 2 27 2 123 2 271 426 2 16 2 24
427 2 16 2 24 150 2 122 2 314 2 312 2 303 2 17 2 428 2 87 88 88 88 2 530 2 16 2 522 2 17
2 520 531 2 16 2 522 2 17 2 520 2 143 2 522 2 17 2 519 2 176 2 177 532 2 16 2 44 150 2 312
2 21 2 506 2 533 2 530 2 314 507 2 534 2 531 2 27 2 87 88 2 532 2 16 2 232 88 2 150 2 532
2 87 88 2 426 2 16 2 260 427 2 16 2 260 88 2 158 2 87 88 2 535 2 16 2 289 2 21 2 496 2
27 2 143 2 251 426 2 16 2 506 2 176 2 530 2 143 2 535 427 2 16 2 507 2 176 2 530 2 143 2 535
88 2 88 2 150 2 122 2 314 2 303 2 17 2 428 2 87 88 2 426 2 16 2 260 427 2 16 2 260 88 2
150 2 437 2 508 2 39 2 87 88 2 14 2 17 2 96 2 17 2 97 2 21 2 98 2 27 14 2 17 2 96
2 17 2 97 2 21 2 536 2 104 2 21 2 436 2 27 2 27 14 2 17 2 96 2 17 2 97 2 21 2 537
2 104 2 21 2 437 2 27 2 27 14 2 17 2 96 2 17 2 97 2 21 2 538 2 104 2 21 2 438 2 27
2 27 14 2 17 2 96 2 17 2 97 2 21 2 539 2 104 2 88 2 17 2 365 2 21 105 2 383 2 17 2
434 2 21 2 540 2 27 2 99 2 540 2 101 2 439 2 106 2 27 2 27 14 2 17 2 96 2 17 2 97 2
21 2 541 2 104 2 88 2 17 2 365 2 21 105 2 542 2 104 2 21 2 540 2 23 2 543 2 27 2 99 2
21 2 540 2 23 2 543 2 27 2 101 2 384 2 17 2 544 2 21 2 440 2 27 2 106 2 27 2 27 14 2
17 2 96 2 17 2 97 2 21 2 545 2 104 2 88 2 17 2 365 2 21 2 105 546 2 104 2 21 2 540 2
23 2 543 2 27 2 99 2 21 2 540 2 23 2 543 2 27 2 101 2 384 2 17 2 544 2 21 2 441 2 27
106 2 27 2 27 14 2 17 2 96 2 17 2 97 2 21 2 547 2 104 2 88 2 17 2 365 2 21 2 105 2
371 2 21 2 540 2 27 2 99 2 540 2 101 2 108 2 106 2 27 2 27 14 2 17 2 96 2 17 2 97 2
21 548 2 104 2 88 2 17 2 365 2 21 2 105 2 371 2 21 2 540 2 27 2 99 2 540 2 101 2 110 2
106 2 27 2 27 14 2 17 2 96 2 17 2 97 2 21 549 2 104 2 88 2 17 2 365 2 21 2 105 2 371
2 21 2 540 2 27 2 99 2 540 2 101 2 112 2 106 2 27 2 27 150 2 122 2 314 2 303 2 17 2 428
2 87 88 2 14 2 17 2 96 2 17 2 97 2 21 2 550 2 27 88 2 150 2 122 2 314 2 312 2 303 2
17 2 428 2 87 88 2 551 2 16 2 88 2 17 2 365 2 21 2 439 2 105 2 426 2 87 2 21 2 427 2
143 2 177 2 27 2 106 2 27 14 2 17 2 96 2 17 2 97 2 21 2 552 2 104 2 21 2 426 2 27 2
27 14 2 17 2 96 2 17 2 97 2 21 2 553 2 104 2 21 2 427 2 27 2 27 14 2 17 2 96 2 17
2 97 2 21 554 2 104 2 21 2 383 2 17 2 434 2 21 2 551 2 27 2 27 2 27 88 2 88 2 555 2
16 2 435 2 21 436 2 16 2 436 2 23 437 2 16 2 437 2 23 438 2 16 2 438 2 23 439 2 16 2 439
2 23 440 2 16 2 440 2 23 441 2 16 2 441 2 23 108 2 16 2 108 2 23 110 2 16 2 110 2 23 112
2 16 2 112 2 23 426 2 16 2 426 2 23 427 2 16 2 427 2 23 428 2 16 2 303 2 17 2 428 2 27
88 492 2 21 2 555 2 27 436 2 432 2 177 88 2 88 2 88 2 78 2 509 2 21 2 424 2 23 2 556 2
23 2 557 2 23 2 489 2 23 425 2 27 2 87 88 2 89 88 88 88 19 88 88 88 19 88 88 88 19 88 19
88 88 88 19 88 88 88 88 558 2 16 2 88 2 17 2 365 2 21 2 489 2 17 2 497 2 21 2 425 2 27
2 27 99 2 559 2 101 2 264 2 21 2 556 2 23 2 557 2 143 2 177 2 27 2 87 88 2 99 2 560 2
101 2 264 2 21 2 557 2 23 2 559 2 176 2 177 2 23 2 176 2 177 2 27 2 87 88 2 561 2 16 2
88 2 17 2 365 2 21 2 424 2 105 2 559 2 87 2 21 2 560 2 143 2 177 2 27 2 106 2 27 150 2
561 2 123 2 558 2 87 88 2 156 2 21 2 559 2 23 2 560 2 27 88 2 88 2 88 2 156 2 21 2 556
2 23 2 557 2 27 88 2 78 2 527 2 21 2 516 2 23 2 562 2 23 2 563 2 27 2 87 88 2 564 88
88 88 88 88 88 88 19 88 88 88 88 19 88 88 88 565 2 16 2 24 566 2 16 2 24 99 2 21 2 567 2
23 2 522 2 27 2 101 2 495 2 21 2 516 2 27 2 87 88 2 568 2 16 2 522 2 17 2 520 2 143 2
522 2 17 2 519 2 176 2 177 150 2 563 2 508 2 522 2 17 2 520 2 87 88 2 487 88 2 150 2 563 2
498 2 568 2 87 88 2 487 88 2 569 2 16 2 563 2 176 2 522 2 17 2 520 570 2 16 2 568 2 176 2
563 571 2 16 2 291 2 21 2 569 2 23 2 570 2 27 2 143 2 572 2 244 2 522 2 17 2 519 150 2 565
2 573 2 24 2 452 2 571 2 498 2 565 2 87 88 2 565 2 16 2 571 566 2 16 2 567 88 2 88 2 156
2 562 2 123 2 566 88 2 78 2 574 2 21 2 80 2 23 2 122 2 23 2 108 2 23 2 110 2 23 2 112
2 23 86 2 27 2 87 88 2 275 127 2 16 2 10 2 17 2 128 2 21 129 2 16 2 80 2 23 122 2 16
2 122 2 23 108 2 16 2 108 2 23 110 2 16 2 110 2 23 130 2 16 2 112 2 23 86 2 16 2 86 2
27 575 2 16 2 127 2 17 2 135 2 21 2 27 576 2 16 2 10 2 17 2 256 2 21 2 575 2 23 2 257
2 16 2 258 2 27 259 2 16 2 576 2 105 2 260 2 106 261 2 16 2 576 2 105 2 177 2 106 215 2 16
2 576 2 105 2 251 2 106 202 2 16 2 14 2 17 2 224 2 21 577 2 23 2 105 2 251 2 23 2 215 2
106 2 23 227 2 16 2 14 2 17 2 578 2 21 2 579 2 16 2 580 2 27 2 27 223 2 16 2 14 2 17
2 224 2 21 581 2 23 2 105 2 251 2 106 2 23 2 227 2 16 2 14 2 17 2 228 2 21 2 27 2 27
582 2 16 2 14 2 17 2 175 2 21 2 575 2 23 105 2 259 2 244 2 261 2 23 2 215 2 106 2 27 229
2 16 2 14 2 17 2 230 2 21 2 582 2 23 2 202 2 23 2 231 2 16 2 232 2 27 229 2 16 2 14
2 17 2 233 2 17 2 234 2 21 2 229 2 23 2 223 2 27 229 2 16 2 14 2 17 2 175 2 21 2 229
2 23 2 105 2 259 2 23 2 261 2 23 2 251 2 106 2 27 229 2 16 2 14 2 17 2 583 2 21 2 229
2 23 2 105 2 251 2 23 2 260 2 23 2 177 2 106 2 27 584 2 16 2 14 2 17 2 585 2 21 2 229
2 23 2 180 2 16 2 260 2 27 21 2 586 2 23 2 587 2 27 2 16 2 21 2 584 2 105 2 260 2 106
2 23 2 584 2 105 2 177 2 106 2 27 156 2 21 2 586 2 23 2 587 2 27 88 2 78 2 79 2 21 2
80 2 23 2 81 2 23 2 82 2 23 83 2 23 2 84 2 23 2 85 2 23 86 2 27 2 87 88 2 89 78
2 90 2 21 2 91 2 23 2 92 2 23 2 93 2 23 2 94 2 27 2 87 2 88 88 2 95 14 2 17 2
96 2 17 2 97 2 21 2 98 2 27 99 2 100 2 101 2 102 2 21 2 91 2 17 2 103 2 21 2 27 2
27 2 87 88 2 14 2 17 2 96 2 17 2 97 2 21 2 88 2 104 2 21 2 100 2 23 2 91 2 105 2
100 2 106 2 17 2 107 2 27 2 27 88 2 588 2 16 2 91 2 105 2 589 2 106 108 2 16 2 91 2 105
2 109 2 106 110 2 16 2 91 2 105 2 111 2 106 112 2 16 2 91 2 105 2 113 2 106 122 2 16 2 21
2 93 2 123 2 14 2 17 2 124 2 17 2 125 2 17 2 126 2 27 21 2 586 2 23 2 587 2 27 2 16
2 574 2 21 80 2 16 2 80 2 23 122 2 16 2 122 2 23 108 2 16 2 108 2 23 110 2 16 2 110 2
23 112 2 16 2 112 2 23 86 2 16 2 86 2 27 144 2 16 2 14 2 17 2 145 2 21 2 27 146 2 16
2 147 2 148 149 2 16 2 24 150 2 81 2 87 88 2 21 2 151 2 23 2 146 27 2 16 2 10 2 17 2
152 2 21 2 144 2 23 2 81 2 27 150 2 85 2 87 88 2 78 2 153 2 21 2 27 2 87 88 2 14 2
17 2 154 2 17 2 155 2 21 2 81 2 23 2 151 2 27 156 2 14 2 17 2 154 2 17 2 157 2 21 2
27 88 2 149 2 16 2 153 88 2 158 2 87 88 2 14 2 17 2 154 2 17 2 155 2 21 2 81 2 23 2
151 2 27 88 2 88 2 14 2 17 2 96 2 17 2 97 2 21 2 159 2 27 99 2 160 2 101 2 144 2 87
88 2 161 2 16 2 162 150 2 160 2 17 2 100 2 101 2 146 2 87 88 2 161 2 16 2 163 88 2 14 2
17 2 96 2 17 2 97 2 21 2 88 2 23 2 160 2 17 2 100 2 23 2 160 2 17 2 107 2 23 161 2
27 88 2 164 2 16 2 24 150 2 93 2 123 2 14 2 17 2 124 2 17 2 125 2 17 2 126 2 87 88 2
261 2 16 2 10 2 17 2 256 2 21 2 108 2 27 2 105 2 177 2 106 78 2 590 2 21 2 229 2 23 2
203 2 27 2 87 88 2 591 2 16 2 14 2 17 2 238 2 21 203 2 23 2 239 2 16 2 261 2 23 2 240
2 16 2 14 2 17 2 241 2 27 235 2 16 2 14 2 17 2 233 2 17 2 236 2 21 2 229 2 23 2 180
2 16 2 176 2 177 2 27 170 2 16 2 176 2 14 2 17 2 252 2 21 14 2 17 2 243 2 21 2 591 2
244 2 235 2 23 2 180 2 16 2 176 2 177 2 27 2 27 156 2 170 88 2 592 2 16 2 91 2 105 2 593
2 106 594 2 16 2 91 2 105 2 595 2 106 596 2 16 2 590 2 21 2 586 2 23 2 592 2 27 597 2 16
2 590 2 21 2 587 2 23 2 594 2 27 142 2 16 2 21 2 596 2 143 2 597 2 27 2 248 2 598 165 2
16 2 11 2 17 2 166 2 21 142 2 23 2 82 2 23 2 83 2 23 2 84 2 23 2 85 2 27 164 2 16
2 14 2 17 2 167 2 17 2 168 2 17 2 169 2 21 93 2 16 2 93 2 23 170 2 16 2 142 2 23 165
2 16 2 165 2 23 149 2 16 2 149 2 27 88 2 171 2 93 2 123 2 14 2 17 2 124 2 17 2 125 2
17 2 599 2 87 88 2 186 2 16 2 147 589 2 87 2 588 2 23 600 2 87 2 586 2 23 601 2 87 2 587
2 23 148 164 2 16 2 14 2 17 2 167 2 17 2 168 2 17 2 169 2 21 93 2 16 2 93 2 23 2 186
2 16 2 186 2 23 2 149 2 16 2 149 2 27 88 2 158 2 87 88 2 199 2 200 2 21 77 2 104 2 21
2 93 2 27 2 27 88 2 156 2 164 88 2 156 2 90 88 2 78 2 269 2 21 2 324 2 23 2 261 2 23
2 122 2 23 2 301 2 27 2 87 88 2 275 278 2 16 2 147 589 2 87 2 14 2 17 2 279 2 21 2 105
2 106 2 23 2 14 2 17 2 280 2 27 2 23 109 2 87 2 14 2 17 2 279 2 21 2 105 2 261 2 106
2 23 2 14 2 17 2 280 2 27 2 23 111 2 87 2 14 2 17 2 279 2 21 2 105 2 261 2 106 2 23
2 14 2 17 2 280 2 27 2 23 113 2 87 2 14 2 17 2 279 2 21 2 105 2 261 2 106 2 23 2 14
2 17 2 280 2 27 2 23 148 150 2 122 2 87 88 2 278 2 105 2 593 2 106 2 16 2 14 2 17 2 279
2 21 2 105 2 106 2 23 2 14 2 17 2 280 2 27 278 2 105 2 595 2 106 2 16 2 14 2 17 2 279
2 21 2 105 2 106 2 23 2 14 2 17 2 280 2 27 88 2 78 2 299 2 21 2 298 2 23 2 278 2 27
2 87 88 2 302 303 2 16 2 14 2 17 2 304 2 21 2 298 2 23 2 278 2 27 88 88 99 2 100 2 101
2 305 2 21 2 303 2 17 2 103 2 21 2 27 2 27 2 87 88 2 306 2 16 2 303 2 105 2 100 2 106
150 2 306 2 17 2 240 2 123 2 14 2 17 2 280 2 87 88 2 306 2 16 2 14 2 17 2 307 2 21 2
306 2 27 88 2 303 2 105 2 100 2 106 2 16 2 306 88 2 156 2 303 88 2 78 2 276 2 21 2 94 2
27 2 87 88 2 95 259 2 16 2 94 2 105 2 277 2 106 88 88 281 2 16 2 14 2 17 2 282 2 17 2
294 2 21 2 324 2 27 150 2 122 2 87 88 2 281 2 16 2 281 2 17 2 286 2 21 2 27 281 2 16 2
281 2 17 2 287 2 21 2 288 2 16 2 65 2 27 88 2 281 2 16 2 281 2 17 2 292 2 21 14 2 17
2 167 2 17 2 282 2 17 2 296 2 21 297 2 298 2 87 2 299 2 21 2 298 2 23 2 278 2 27 2 23
259 2 16 2 259 2 23 301 2 16 2 301 2 27 2 27 156 2 281 88 2 156 2 276 88 2 602 2 16 2 379
2 17 2 512 2 21 2 603 2 23 105 2 604 2 23 2 600 2 23 2 601 2 106 2 27 78 2 605 2 21 2
606 2 23 2 607 2 23 2 608 2 23 2 609 2 23 610 2 23 2 611 2 23 2 612 2 23 613 2 23 2 614
2 27 2 87 88 2 615 14 2 17 2 96 2 17 2 97 2 21 2 616 2 104 2 21 2 612 2 27 2 27 14
2 17 2 96 2 17 2 97 2 21 2 616 2 104 2 21 2 613 2 27 2 27 617 2 16 2 379 2 17 2 618
2 21 2 305 2 27 99 2 555 2 101 2 607 2 87 88 2 617 2 105 2 555 2 17 2 437 2 106 2 17 2
466 2 21 2 555 2 27 88 2 619 2 16 2 147 2 148 99 2 359 2 101 2 608 2 87 88 2 619 2 105 2
359 2 17 2 436 2 106 2 16 2 359 88 2 620 2 16 2 379 2 17 2 512 2 21 2 88 621 2 23 105 2
622 2 23 2 623 2 23 2 624 2 23 2 625 2 23 2 626 2 106 2 27 627 2 16 2 379 2 17 2 628 2
21 2 27 629 2 16 2 379 2 17 2 628 2 21 2 27 630 2 16 2 379 2 17 2 628 2 21 2 27 99 2
21 2 437 2 23 2 303 2 27 2 101 2 495 2 21 2 606 2 27 2 87 88 2 91 2 16 2 617 2 105 2
437 2 106 631 2 16 2 105 2 106 88 632 2 16 2 633 2 88 634 2 16 2 260 2 88 635 2 16 2 260 2
88 636 2 16 2 260 2 88 99 2 21 2 637 2 23 2 555 2 27 2 101 2 495 2 21 2 91 2 27 2 87
88 2 359 2 16 2 619 2 105 2 555 2 17 2 436 2 106 638 2 16 2 639 2 21 2 359 2 17 2 586 2
23 2 609 2 27 640 2 16 2 639 2 21 2 359 2 17 2 587 2 23 2 609 2 27 88 150 2 18 2 17 2
471 2 87 88 2 641 2 16 2 359 2 17 2 586 2 105 2 260 2 106 2 143 2 359 2 17 2 587 2 105 2
260 2 106 150 2 641 2 508 2 632 2 87 88 2 632 2 16 2 641 634 2 16 2 637 635 2 16 2 359 2 17
2 586 2 105 2 260 2 106 636 2 16 2 359 2 17 2 587 2 105 2 260 2 106 88 2 88 2 99 2 642 2
101 2 638 2 87 88 2 99 2 643 2 101 2 640 2 87 88 88 88 88 2 150 2 642 2 533 2 289 2 21 2
555 2 17 2 439 2 27 2 87 88 2 487 88 2 150 2 643 2 533 2 289 2 21 2 555 2 17 2 439 2 27
2 87 88 2 487 88 2 150 2 642 2 312 2 101 2 555 2 17 2 440 2 87 88 2 487 88 2 150 2 643 2
312 2 101 2 555 2 17 2 440 2 87 88 2 487 88 2 150 2 312 2 555 2 17 2 441 2 17 2 644 2 21
2 642 2 23 2 44 2 27 2 87 88 2 487 88 2 150 2 643 2 508 2 642 2 87 88 2 487 88 2 519 2
16 2 643 2 176 2 642 2 143 2 177 150 2 519 2 498 2 610 2 87 88 2 487 88 2 631 2 17 2 466 2
21 620 2 21 637 2 16 2 637 2 23 642 2 16 2 642 2 23 643 2 16 2 643 2 23 645 2 16 2 359 2
17 2 586 2 105 2 642 2 106 2 23 646 2 16 2 359 2 17 2 587 2 105 2 643 2 106 2 27 2 27 88
2 88 2 88 2 150 2 18 2 17 2 471 2 87 88 2 631 2 17 2 466 2 21 620 2 21 637 2 16 2 634
2 23 642 2 16 2 260 2 23 643 2 16 2 260 2 23 645 2 16 2 635 2 23 646 2 16 2 636 2 27 2
27 88 2 631 2 16 2 102 2 21 631 2 23 370 2 16 2 297 2 540 2 87 2 21 2 540 2 17 2 645 2
143 2 540 2 17 2 646 2 27 2 23 647 2 16 2 232 2 27 648 2 16 2 379 2 17 2 512 2 21 2 88
649 2 23 2 105 2 477 2 23 2 625 2 23 2 626 2 106 2 27 650 2 16 2 147 2 148 651 2 16 2 105
2 106 99 2 652 2 101 2 631 2 87 88 2 150 2 289 2 21 2 651 2 27 2 533 2 609 2 87 88 2 521
88 2 555 2 16 2 91 2 105 2 652 2 17 2 637 2 106 150 2 652 2 17 2 642 2 498 2 260 2 87 2
88 88 2 653 2 16 2 555 2 17 2 439 2 105 2 652 2 17 2 642 2 87 2 21 2 652 2 17 2 643 2
143 2 177 2 27 2 106 654 2 16 2 555 2 17 2 440 2 105 2 652 2 17 2 642 2 106 655 2 16 2 555
2 17 2 440 2 105 2 652 2 17 2 643 2 106 656 2 16 2 303 2 17 2 424 2 105 2 654 2 87 2 21
2 655 2 143 2 177 2 27 2 106 657 2 16 2 88 2 17 2 365 2 21 2 653 2 27 88 657 2 16 2 657
2 17 2 658 2 21 2 88 2 23 2 162 2 27 657 2 16 2 657 2 17 2 658 2 21 2 659 2 23 2 162
2 27 88 657 2 16 2 657 2 17 2 660 2 21 2 27 657 2 16 2 88 2 17 2 365 2 21 2 657 2 17
2 325 2 21 2 27 2 27 661 2 16 2 88 2 17 2 365 2 21 2 656 2 27 662 2 16 2 663 2 21 2
657 2 23 2 661 2 23 2 611 2 27 150 2 662 2 101 2 650 2 87 88 2 487 88 2 650 2 105 2 662 2
106 2 16 2 232 88 2 158 2 87 88 2 662 2 16 2 162 650 2 105 2 662 2 106 2 16 2 232 88 2 651
2 17 2 466 2 21 648 2 21 664 2 16 2 662 2 23 645 2 16 2 652 2 17 2 645 2 23 646 2 16 2
652 2 17 2 646 2 27 2 27 88 88 2 150 2 18 2 17 2 471 2 87 88 2 150 2 162 2 312 2 101 2
650 2 87 88 2 651 2 17 2 466 2 21 648 2 21 664 2 16 2 162 2 23 2 645 2 16 2 635 2 23 646
2 16 2 636 2 27 2 27 88 88 88 2 88 2 150 2 312 2 651 2 87 88 2 651 2 17 2 466 2 21 648
2 21 2 664 2 16 2 665 2 23 2 645 2 16 2 415 2 23 2 646 2 16 2 415 2 27 2 27 88 2 529
2 289 2 21 2 651 2 27 2 533 2 177 666 2 16 2 105 2 106 667 2 16 2 24 99 2 459 2 101 2 651
2 87 88 2 666 2 17 2 466 2 21 2 459 2 17 2 645 2 143 2 459 2 17 2 646 2 27 150 2 312 2
667 2 87 88 2 150 2 459 2 17 2 664 2 87 88 2 667 2 16 2 459 88 2 88 2 88 2 668 2 16 2
669 2 21 2 666 2 27 670 2 16 2 105 2 106 99 2 21 2 502 2 23 2 459 2 27 2 101 2 495 2 21
2 651 2 27 2 87 88 2 671 2 16 2 379 2 17 2 628 2 21 2 27 671 2 105 2 477 2 106 2 16 2
459 2 17 2 664 671 2 105 2 672 2 106 2 16 2 668 2 105 2 502 2 106 671 2 105 2 625 2 106 2 16
2 459 2 17 2 645 671 2 105 2 626 2 106 2 16 2 459 2 17 2 646 670 2 17 2 466 2 21 2 671 2
27 88 2 529 2 289 2 21 2 670 2 27 2 533 2 177 150 2 312 2 18 2 17 2 471 2 87 88 2 627 2
105 2 303 2 17 2 422 2 106 2 16 2 670 2 105 2 260 2 106 2 105 2 477 2 106 88 2 158 2 87 88
88 2 673 2 16 2 632 2 176 2 667 2 17 2 645 2 176 2 21 667 2 17 2 646 2 27 630 2 105 2 303
2 17 2 422 2 106 2 16 2 673 150 2 673 2 498 2 18 2 17 2 674 2 87 88 2 627 2 105 2 303 2
17 2 422 2 106 2 16 2 162 88 2 158 2 87 88 2 627 2 105 2 303 2 17 2 422 2 106 2 16 2 667
2 17 2 664 88 2 88 2 629 2 105 2 303 2 17 2 422 2 106 2 16 2 670 88 2 208 2 14 2 17 2
320 2 17 2 367 2 21 2 612 2 23 2 368 2 27 2 13 2 369 2 87 88 2 369 2 17 2 372 2 21 2
380 2 17 2 675 2 21 2 627 2 23 2 676 2 16 2 274 2 27 2 143 2 455 2 27 88 2 208 2 14 2
17 2 320 2 17 2 367 2 21 2 613 2 23 2 368 2 27 2 13 2 369 2 87 88 2 369 2 17 2 372 2
21 2 380 2 17 2 675 2 21 2 629 2 23 2 676 2 16 2 274 2 27 2 143 2 455 2 27 88 2 150 2
18 2 17 2 471 2 87 88 2 208 2 14 2 17 2 320 2 17 2 367 2 21 2 614 2 23 2 368 2 27 2
13 2 369 2 87 88 2 369 2 17 2 372 2 21 2 380 2 17 2 675 2 21 2 630 2 23 2 676 2 16 2
274 2 27 2 143 2 455 2 27 88 2 88 2 88 2 78 2 663 2 21 2 677 2 23 2 661 2 23 2 611 2
27 2 87 88 2 678 88 88 88 88 19 88 88 19 88 88 88 19 88 19 88 88 88 88 19 88 19 88 88 88 78
2 679 2 21 2 664 2 27 2 87 88 2 680 2 16 2 105 2 106 681 2 16 2 379 2 17 2 628 2 21 2
27 99 2 21 2 502 2 23 2 451 2 27 2 101 2 495 2 21 2 664 2 27 2 87 88 2 150 2 451 2 123
2 88 2 87 88 2 487 88 2 681 2 105 2 289 2 21 2 680 2 27 2 106 2 16 2 502 680 2 17 2 466
2 21 2 451 2 27 88 2 682 2 16 2 162 2 17 2 365 2 21 2 680 2 27 156 2 21 2 682 2 23 2
681 2 27 88 88 88 88 88 2 489 2 16 2 383 2 17 2 683 2 21 2 611 2 16 2 611 2 27 657 2 16
2 88 2 17 2 365 2 21 2 489 2 17 2 497 2 21 2 661 2 27 2 27 426 2 16 2 657 2 17 2 484
2 21 2 677 2 27 150 2 426 2 123 2 176 2 177 2 87 88 2 150 2 18 2 17 2 684 2 87 88 2 14
2 17 2 96 2 17 2 97 2 21 685 2 104 2 21 2 677 2 23 2 661 2 27 2 27 88 2 156 2 661 88
2 427 2 16 2 426 2 143 2 289 2 21 2 677 2 27 2 176 2 177 21 2 686 2 23 2 687 2 27 2 16
2 679 2 21 2 661 2 27 21 2 688 2 23 2 689 2 27 2 16 2 679 2 21 2 657 2 27 150 2 289 2
21 2 686 2 27 2 474 2 289 2 21 2 688 2 27 2 87 88 2 150 2 18 2 17 2 684 2 87 88 2 14
2 17 2 96 2 17 2 97 2 21 2 690 2 23 686 2 23 2 688 2 27 88 2 156 2 661 88 88 88 2 691
2 16 2 147 2 148 99 2 21 2 502 2 23 2 692 2 27 2 101 2 384 2 17 2 544 2 21 2 689 2 27
2 87 88 2 691 2 105 2 692 2 106 2 16 2 502 88 2 693 2 16 2 24 150 2 426 2 101 2 691 2 87
88 2 694 2 16 2 691 2 105 2 426 2 106 150 2 694 2 101 2 687 2 87 88 2 693 2 16 2 687 2 105
2 694 2 106 88 2 88 2 150 2 693 2 573 2 24 2 87 88 2 150 2 18 2 17 2 684 2 87 88 2 14
2 17 2 96 2 17 2 97 2 21 2 695 2 27 88 2 156 2 661 88 2 696 2 16 2 24 150 2 427 2 101
2 691 2 87 88 2 697 2 16 2 691 2 105 2 427 2 106 150 2 697 2 101 2 687 2 87 88 2 696 2 16
2 687 2 105 2 697 2 106 88 2 88 2 150 2 696 2 573 2 24 2 87 88 2 150 2 18 2 17 2 684 2
87 88 2 14 2 17 2 96 2 17 2 97 2 21 2 695 2 27 88 2 156 2 661 88 2 698 2 16 2 661 2
105 2 693 2 87 2 21 2 696 2 143 2 177 2 27 2 106 156 2 698 88 2 78 2 639 2 21 2 229 2 23
2 609 2 27 2 87 88 2 206 699 2 16 2 102 2 21 2 495 2 21 2 229 2 27 2 23 2 370 2 16 2
297 2 540 2 87 2 540 2 105 2 177 2 106 2 23 2 647 2 16 2 232 2 27 700 2 16 2 105 2 106 99
2 502 2 101 2 264 2 21 2 289 2 21 2 699 2 27 2 27 2 87 88 2 150 2 502 2 533 2 609 2 87
88 2 521 88 2 700 2 17 2 466 2 21 2 699 2 105 2 502 2 106 2 105 2 260 2 106 2 27 88 2 156
2 700 88 2 78 2 669 2 21 2 701 2 27 2 87 88 2 702 150 2 312 2 701 2 87 88 2 156 2 105 2
106 88 2 703 2 16 2 24 99 2 571 2 101 2 701 2 87 88 2 150 2 703 2 573 2 24 2 452 2 571 2
498 2 703 2 87 88 2 703 2 16 2 571 88 2 88 2 704 2 16 2 105 2 106 705 2 16 2 415 99 2 571
2 101 2 701 2 87 88 2 540 2 16 2 381 2 17 2 706 2 21 2 571 2 176 2 703 2 27 704 2 17 2
466 2 21 2 540 2 27 705 2 432 2 540 88 2 668 2 16 2 105 2 106 99 2 571 2 101 2 704 2 87 88
2 668 2 17 2 466 2 21 2 571 2 248 2 705 2 27 88 2 156 2 668 88 2 416 2 707 2 21 2 418 2
27 2 87 88 2 708 78 2 420 2 21 2 421 2 23 2 709 2 23 2 122 2 27 2 87 88 2 421 2 17 2
709 2 16 2 709 421 2 17 2 122 2 16 2 122 421 2 17 2 710 2 16 2 260 421 2 17 2 711 2 16 2
14 2 17 2 712 2 17 2 713 2 21 2 709 2 27 88 2 78 2 714 2 21 2 421 2 23 2 555 2 27 2
87 88 2 615 421 2 17 2 710 2 432 2 177 78 2 715 2 21 2 190 2 27 2 87 88 2 555 2 16 2 14
2 17 2 154 2 17 2 716 2 21 717 2 16 2 14 2 17 2 154 2 17 2 718 2 21 2 719 2 16 2 305
2 21 2 190 2 27 2 27 2 27 156 2 555 88 2 91 2 16 2 379 2 17 2 628 2 21 2 27 91 2 105
2 589 2 106 2 16 2 715 2 21 2 105 2 555 2 17 2 436 2 106 2 27 91 2 105 2 109 2 106 2 16
2 715 2 21 2 555 2 17 2 108 2 27 91 2 105 2 111 2 106 2 16 2 715 2 21 2 555 2 17 2 110
2 27 91 2 105 2 113 2 106 2 16 2 715 2 21 2 555 2 17 2 112 2 27 150 2 421 2 17 2 122 2
87 88 2 91 2 105 2 593 2 106 2 16 2 715 2 21 2 105 2 555 2 17 2 426 2 106 2 27 91 2 105
2 595 2 106 2 16 2 715 2 21 2 105 2 555 2 17 2 427 2 106 2 27 720 2 16 2 260 150 2 555 2
17 2 428 2 87 88 2 720 2 16 2 177 88 2 91 2 105 2 472 2 106 2 16 2 715 2 21 2 105 2 720
2 106 2 27 88 2 721 2 16 2 14 2 17 2 154 2 17 2 722 2 21 2 91 2 16 2 14 2 17 2 154
2 17 2 723 2 21 2 555 2 16 2 91 2 27 2 27 421 2 17 2 711 2 17 2 372 2 21 2 721 2 17
2 724 2 21 2 27 2 27 88 2 78 2 725 2 21 2 421 2 27 2 87 88 2 421 2 17 2 711 2 17 2
725 2 21 2 27 88 2 88 2 78 2 726 2 21 2 80 2 27 2 87 88 2 727 383 2 17 2 728 2 21 2
18 2 17 2 611 2 23 18 2 17 2 81 2 27 150 2 312 2 18 2 17 2 313 2 314 2 312 2 18 2 17
2 729 2 87 88 2 199 2 200 2 21 2 316 2 27 88 2 150 2 18 2 17 2 313 2 87 88 2 150 2 312
2 18 2 17 2 730 2 87 88 2 199 2 200 2 21 412 2 27 88 2 88 2 150 2 18 2 17 2 729 2 87
88 2 150 2 312 2 18 2 17 2 731 2 87 88 2 199 2 200 2 21 412 2 27 88 2 88 2 150 2 18 2
17 2 271 2 498 2 80 2 17 2 732 2 87 88 2 199 2 200 2 21 733 734 2 104 21 2 18 2 17 2 271
2 23 2 80 2 17 2 732 2 27 2 27 88 2 150 2 18 2 17 2 271 2 534 2 18 2 17 2 491 2 143
2 258 2 87 88 2 199 2 200 2 21 25 735 2 104 2 21 2 18 2 17 2 271 2 23 2 18 2 17 2 491
2 27 2 27 88 2 88 2 78 2 308 2 21 2 309 2 27 2 87 88 2 14 2 17 2 96 2 17 2 310 2
21 2 14 2 17 2 96 2 17 2 311 2 27 80 2 16 2 10 2 17 2 317 2 17 2 318 2 21 2 18 2
17 2 319 2 27 726 2 21 2 80 2 27 14 2 17 2 320 2 17 2 321 2 21 2 18 2 17 2 322 2 27
489 2 16 2 383 2 17 2 736 2 21 737 2 16 2 18 2 17 2 737 2 23 2 611 2 16 2 18 2 17 2
611 2 27 329 2 16 2 24 150 2 18 2 17 2 85 2 314 2 18 2 17 2 330 2 87 88 2 329 2 16 2
14 2 17 2 167 2 17 2 331 2 17 2 332 2 21 18 2 17 2 330 2 23 2 333 2 16 2 18 2 17 2
334 2 23 2 335 2 16 2 18 2 17 2 336 2 27 88 2 337 2 16 2 14 2 17 2 167 2 17 2 168 2
17 2 338 2 17 2 339 340 2 16 2 14 2 17 2 167 2 17 2 168 2 17 2 341 2 21 342 2 16 2 329
2 23 343 2 16 2 18 2 17 2 343 2 23 344 2 16 2 18 2 17 2 322 2 23 345 2 16 2 18 2 17
2 345 2 23 346 2 16 2 14 2 17 2 167 2 17 2 168 2 17 2 347 2 21 348 2 16 2 18 2 17 2
348 2 23 349 2 16 2 18 2 17 2 350 2 23 351 2 16 2 337 2 27 2 27 738 2 16 2 24 83 2 16
2 24 84 2 16 2 24 150 2 18 2 17 2 313 2 87 88 2 738 2 16 2 442 2 21 324 2 16 2 18 2
17 2 730 2 23 2 122 2 16 2 232 2 27 83 2 16 2 739 2 21 289 2 21 2 738 2 27 2 248 2 18
2 17 2 353 2 244 2 18 2 17 2 740 2 27 84 2 16 2 739 2 21 2 83 2 244 2 18 2 17 2 741
2 27 88 88 742 2 16 2 382 2 17 2 743 2 21 2 744 2 27 742 2 17 2 287 2 21 2 738 2 27 88
2 90 2 16 2 79 2 21 80 2 16 2 80 2 23 81 2 16 2 18 2 17 2 81 2 23 82 2 16 2 18
2 17 2 82 2 23 83 2 16 2 83 2 23 84 2 16 2 84 2 23 85 2 16 2 18 2 17 2 85 2 23
86 2 16 2 18 2 17 2 85 2 27 88 88 124 2 16 2 14 2 17 2 167 2 17 2 168 2 17 2 352 2
21 85 2 16 2 18 2 17 2 85 2 23 90 2 16 2 90 2 23 129 2 16 2 340 2 23 353 2 16 2 18
2 17 2 353 2 23 745 2 16 2 18 2 17 2 745 2 27 150 2 18 2 17 2 313 2 87 88 88 88 2 746
2 16 2 707 2 21 709 2 16 2 9 2 17 2 364 2 17 2 365 2 21 2 18 2 17 2 322 2 23 2 747
2 27 2 23 122 2 16 2 232 2 27 488 2 21 458 2 16 2 738 2 23 489 2 16 2 489 2 23 271 2 16
2 18 2 17 2 271 2 23 490 2 16 2 18 2 17 2 490 2 23 491 2 16 2 18 2 17 2 491 2 23 122
2 16 2 232 2 23 492 2 16 2 746 2 17 2 714 2 27 746 2 17 2 725 2 21 2 27 14 2 17 2 96
2 17 2 97 2 21 2 355 2 27 14 2 17 2 96 2 17 2 97 2 21 2 88 2 23 2 289 2 21 2 738
2 27 2 27 14 2 17 2 96 2 17 2 97 2 21 2 88 2 23 2 746 2 17 2 710 2 27 14 2 17 2
96 2 17 2 97 2 21 2 88 2 23 2 18 2 17 2 353 2 27 14 2 17 2 96 2 17 2 97 2 21 2
88 2 23 2 83 2 27 748 2 738 356 2 16 2 269 2 21 324 2 16 2 746 2 17 2 709 2 23 261 2 16
2 18 2 17 2 271 2 23 122 2 16 2 232 2 23 301 2 16 2 232 2 27 124 2 17 2 154 2 21 2 276
2 16 2 356 2 23 2 357 2 16 2 83 2 27 88 2 150 2 18 2 17 2 729 2 87 88 2 749 2 16 2
442 2 21 324 2 16 2 18 2 17 2 731 2 23 2 122 2 16 2 44 2 27 750 2 16 2 707 2 21 709 2
16 2 9 2 17 2 364 2 17 2 365 2 21 2 18 2 17 2 322 2 23 2 751 2 27 2 23 122 2 16 2
44 2 27 752 2 16 2 105 2 106 78 2 753 2 21 2 555 2 27 2 87 88 2 752 2 17 2 466 2 21 2
555 2 27 750 2 17 2 714 2 21 2 555 2 27 88 2 488 2 21 458 2 16 2 749 2 23 489 2 16 2 489
2 23 271 2 16 2 18 2 17 2 271 2 23 490 2 16 2 18 2 17 2 490 2 23 491 2 16 2 18 2 17
2 491 2 23 122 2 16 2 44 2 23 492 2 16 2 753 2 27 750 2 17 2 725 2 21 2 27 14 2 17 2
96 2 17 2 97 2 21 2 355 2 27 14 2 17 2 96 2 17 2 97 2 21 2 88 2 23 2 289 2 21 2
749 2 27 2 27 14 2 17 2 96 2 17 2 97 2 21 2 88 2 23 2 289 2 21 2 752 2 27 2 27 14
2 17 2 96 2 17 2 97 2 21 2 88 2 23 2 18 2 17 2 745 2 27 608 2 16 2 105 2 106 754 2
16 2 269 2 21 324 2 16 2 750 2 17 2 709 2 23 261 2 16 2 18 2 17 2 271 2 23 122 2 16 2
44 2 23 301 2 16 2 44 2 27 88 88 608 2 16 2 105 2 106 99 2 359 2 101 2 124 2 17 2 755 2
21 754 2 23 2 756 2 16 2 232 2 27 2 87 88 2 150 2 289 2 21 2 608 2 27 2 104 2 61 2 123
2 260 2 87 88 2 14 2 17 2 96 2 17 2 97 2 21 2 757 2 104 2 21 2 289 2 21 2 608 2 27
2 27 2 27 88 2 436 2 16 2 739 2 21 2 359 2 105 2 589 2 106 2 27 586 2 16 2 105 2 758 2
21 2 540 2 27 2 99 2 540 2 101 2 359 2 105 2 600 2 106 2 17 2 759 2 106 587 2 16 2 105 2
758 2 21 2 540 2 27 2 99 2 540 2 101 2 359 2 105 2 601 2 106 2 17 2 759 2 106 608 2 17 2
466 2 21 602 2 21 436 2 16 2 436 2 23 586 2 16 2 586 2 23 587 2 16 2 587 2 27 2 27 88 2
612 2 16 2 9 2 17 2 364 2 17 2 365 2 21 2 18 2 17 2 322 2 23 2 760 2 27 613 2 16 2
9 2 17 2 364 2 17 2 365 2 21 2 18 2 17 2 322 2 23 2 761 2 27 614 2 16 2 9 2 17 2
364 2 17 2 365 2 21 2 18 2 17 2 322 2 23 2 762 2 27 605 2 21 2 749 2 23 2 752 2 23 2
608 2 23 18 2 17 2 609 2 23 2 18 2 17 2 610 2 23 18 2 17 2 611 2 23 2 612 2 23 613 2
23 2 614 2 27 88 2 88 2 5 2 9 5 2 763 5 2 764 5 2 765 5 2 382 5 2 766 5 2 767 5
2 768 5 2 768 2 17 2 769 2 13 2 769 5 2 768 2 17 2 233 2 13 2 233 5 2 768 2 17 2 770
2 13 2 771 5 2 768 2 17 2 772 2 13 2 772 3 2 768 2 17 2 766 2 17 2 282 2 5 2 283 2
23 2 773 3 2 768 2 17 2 233 2 17 2 766 2 17 2 774 2 5 2 775 2 23 2 776 3 2 777 2 17
2 184 2 5 2 778 2 23 2 779 2 23 2 780 3 2 282 2 5 2 781 3 2 282 2 5 2 782 3 2 127
2 5 2 783 78 2 308 2 21 2 27 2 87 784 2 785 2 16 2 764 2 17 2 786 2 21 2 27 785 2 17
2 787 2 21 2 788 2 23 2 789 2 16 2 371 2 23 2 790 2 16 2 791 2 23 792 2 16 2 793 2 27
785 2 17 2 787 2 21 2 794 2 23 2 789 2 16 2 739 2 23 2 790 2 16 2 48 2 23 792 2 16 2
795 2 27 785 2 17 2 787 2 21 2 796 2 23 2 789 2 16 2 739 2 23 2 790 2 16 2 48 2 23 792
2 16 2 797 2 27 785 2 17 2 787 2 21 2 798 2 23 2 789 2 16 2 739 2 23 2 790 2 16 2 799
2 23 792 2 16 2 800 2 27 785 2 17 2 787 2 21 2 801 2 23 2 789 2 16 2 739 2 23 2 790 2
16 2 35 2 23 792 2 16 2 802 2 27 785 2 17 2 787 2 21 2 803 2 23 2 789 2 16 2 758 2 23
2 790 2 16 2 572 2 23 792 2 16 2 804 2 27 785 2 17 2 787 2 21 2 805 2 23 2 789 2 16 2
758 2 23 2 790 2 16 2 806 2 23 792 2 16 2 807 2 27 785 2 17 2 787 2 21 2 808 2 23 2 789
2 16 2 739 2 23 2 790 2 16 2 809 2 23 792 2 16 2 810 2 27 811 2 16 2 785 2 17 2 812 2
21 2 27 154 2 21 2 811 2 27 88 2 78 2 292 2 21 2 127 2 23 2 813 2 23 2 814 2 23 2 815
2 23 2 816 2 27 2 87 88 2 652 2 16 2 127 2 21 2 768 2 17 2 769 2 17 2 817 2 21 2 814
2 27 2 23 2 816 2 17 2 818 2 21 2 27 2 17 2 819 2 21 2 27 2 27 170 2 16 2 813 2 21
2 652 2 23 2 768 2 17 2 769 2 17 2 817 2 21 2 815 2 27 2 27 156 2 652 2 23 2 170 88 2
78 2 820 2 21 2 127 2 23 2 821 2 23 2 154 2 23 2 822 2 23 2 823 2 23 2 824 2 23 2 259
2 23 2 825 2 27 2 87 88 2 813 2 16 2 233 2 17 2 826 2 21 2 827 2 16 2 44 2 27 99 2
828 2 101 2 264 2 21 2 825 2 27 2 87 88 2 829 2 21 2 830 2 23 2 828 2 27 831 2 16 2 305
2 21 2 27 832 2 16 2 305 2 21 2 27 142 2 16 2 260 99 2 814 2 23 2 815 2 23 2 816 2 23
2 833 2 101 2 766 2 17 2 834 2 21 2 154 2 23 2 823 2 23 2 824 2 23 2 259 2 16 2 259 2
27 2 87 88 2 814 2 23 2 815 2 23 2 816 2 16 2 766 2 17 2 835 2 21 2 814 2 23 2 815 2
23 2 816 2 27 127 2 17 2 836 2 21 2 27 652 2 23 2 170 2 16 2 292 2 21 2 127 2 23 2 813
2 23 2 814 2 23 2 815 2 23 2 816 2 27 170 2 17 2 837 2 21 2 27 821 2 17 2 838 2 21 2
27 839 2 16 2 768 2 17 2 840 2 21 2 652 2 23 2 177 2 27 2 105 2 177 2 106 831 2 432 2 305
2 21 2 815 2 17 2 739 2 21 2 27 2 27 832 2 432 2 305 2 21 2 839 2 17 2 282 2 17 2 739
2 21 2 27 2 27 142 2 432 2 170 88 2 841 2 16 2 780 2 21 2 831 2 23 2 832 2 27 842 2 23
2 843 2 16 2 844 2 21 2 127 2 23 2 822 2 23 2 823 2 23 2 824 2 23 2 813 2 27 829 2 21
2 845 2 17 2 846 2 21 2 142 2 17 2 282 2 17 2 758 2 21 2 27 2 248 2 289 2 21 2 154 2
27 2 23 2 841 2 23 842 2 23 2 843 2 27 2 27 88 2 156 2 127 88 2 78 2 844 2 21 2 127 2
23 2 847 2 23 2 823 2 23 2 824 2 23 2 813 2 27 2 87 88 2 831 2 16 2 305 2 21 2 27 832
2 16 2 305 2 21 2 27 142 2 16 2 260 99 2 814 2 23 2 815 2 23 2 816 2 23 2 833 2 101 2
766 2 17 2 834 2 21 2 847 2 23 2 823 2 23 2 824 2 23 2 259 2 16 2 177 2 27 2 87 88 2
814 2 23 2 815 2 23 2 816 2 16 2 766 2 17 2 835 2 21 2 814 2 23 2 815 2 23 2 816 2 27
652 2 23 2 170 2 16 2 292 2 21 2 127 2 23 2 813 2 23 2 814 2 23 2 815 2 23 2 816 2 27
839 2 16 2 768 2 17 2 840 2 21 2 652 2 23 2 177 2 27 2 105 2 177 2 106 831 2 432 2 305 2
21 2 815 2 17 2 739 2 21 2 27 2 27 832 2 432 2 305 2 21 2 839 2 17 2 282 2 17 2 739 2
21 2 27 2 27 142 2 432 2 170 88 2 841 2 16 2 780 2 21 2 831 2 23 2 832 2 27 156 2 142 2
17 2 282 2 17 2 758 2 21 2 27 2 248 2 289 2 21 2 847 2 27 2 23 2 841 88 2 78 2 848 2
21 2 127 2 23 2 849 2 23 2 823 2 23 2 824 2 27 2 87 88 2 831 2 16 2 305 2 21 2 27 832
2 16 2 305 2 21 2 27 99 2 814 2 23 2 815 2 23 2 816 2 23 2 833 2 101 2 766 2 17 2 834
2 21 2 849 2 23 2 823 2 23 2 824 2 23 2 259 2 16 2 177 2 27 2 87 88 2 814 2 23 2 815
2 23 2 816 2 16 2 766 2 17 2 835 2 21 2 814 2 23 2 815 2 23 2 816 2 27 652 2 16 2 127
2 21 2 768 2 17 2 769 2 17 2 817 2 21 2 814 2 27 2 23 2 816 2 17 2 818 2 21 2 27 2
17 2 819 2 21 2 27 2 27 839 2 16 2 768 2 17 2 840 2 21 2 652 2 23 2 177 2 27 2 105 2
177 2 106 831 2 432 2 305 2 21 2 815 2 17 2 739 2 21 2 27 2 27 832 2 432 2 305 2 21 2 839
2 17 2 282 2 17 2 739 2 21 2 27 2 27 88 2 829 2 21 2 289 2 21 2 831 2 27 2 23 2 289
2 21 2 832 2 27 2 27 829 2 21 2 778 2 21 2 831 2 23 2 832 2 27 2 27 829 2 21 2 779 2
21 2 831 2 23 2 832 2 27 2 27 88 2 78 2 154 2 21 2 811 2 27 2 87 784 2 382 2 17 2 850
2 21 2 811 2 17 2 850 2 27 851 2 16 2 782 2 21 2 811 2 17 2 852 2 27 853 2 16 2 851 2
17 2 853 854 2 16 2 851 2 17 2 854 855 2 16 2 851 2 17 2 855 856 2 16 2 851 2 17 2 857 858
2 16 2 851 2 17 2 859 860 2 16 2 289 2 21 2 856 2 27 829 2 21 2 861 2 23 2 289 2 21 2
853 2 27 2 27 829 2 21 2 862 2 23 2 289 2 21 2 854 2 27 2 27 829 2 21 2 863 2 23 2 289
2 21 2 855 2 27 2 27 829 2 21 2 856 2 27 829 2 21 2 858 2 27 127 2 16 2 783 2 21 2 860
2 23 2 811 2 17 2 864 2 23 2 811 2 17 2 865 2 23 2 289 2 21 2 858 2 27 2 27 821 2 16
2 772 2 17 2 866 2 21 2 127 2 17 2 867 2 21 2 27 2 23 2 868 2 16 2 811 2 17 2 82 2
23 2 869 2 16 2 811 2 17 2 869 2 27 127 2 16 2 820 2 21 2 127 2 23 2 821 2 23 2 853 2
