1 2 3 4 5 6 7 8 9 10 11 12 13 14 15 16 17 18 19 14 20 10 21 1 20 22 1 23 20 24 25
6 20 5 8 26 27 16 20 2 24 1 18 17 28 29 30 21 31 20 32 3 33 20 34 12 5 2 35 20 21 3
29 20 31 36 4 37 38 39 40 20 5 15 7 20 39 32 4 41 20 3 42 21 1 20 15 43 22 20 44 23 45
46 23 20 28 16 11 29 20 16 47 27 14 21 17 15 1 48 20 49 32 33 32 2 17 29 20 26 31 40 40 50
3 27 51 3 20 19 7 13 42 17 52 31 42 21 8 53 35 18 20 54 35 42 27 20 42 22 43 20 55 34 1
20 17 36 55 20 17 56 25 13 20 50 18 57 25 20 31 18 46 20 12 30 58 29 37 44 18 20 11 36 37 17
13 20 47 17 58 20 16 10 59 36 15 20 15 56 2 20 29 37 8 8 15 50 30 15 53 20 58 2 12 37 10
20 39 5 26 39 41 20 1 38 36 20 17 14 37 10 12 10 23 7 28 13 23 2 6 32 6 27 12 7 14 20
6 53 50 20 15 3 14 60 20 11 2 17 38 20 31 15 32 20 40 7 14 55 36 20 61 1 10 15 20 31 57
22 31 20 31 2 40 37 7 52 10 58 7 62 55 37 59 32 5 20 15 35 52 32 20 12 36 11 17 20 5 63
7 29 25 25 12 13 20 3 64 65 66 16 20 37 19 12 20 45 18 42 39 20 34 67 31 21 47 20 39 43 50
27 36 50 57 40 20 68 29 21 20 1 17 59 21 1 20 15 47 21 17 20 7 6 69 7 15 3 30 24 20 15
2 37 35 59 20 25 13 8 20 30 35 2 39 36 8 8 13 20 2 36 26 25 28 20 43 57 19 52 70 36 13
71 6 21 43 32 20 72 22 44 1 14 36 20 3 40 26 58 1 20 39 13 40 5 20 62 67 55 20 10 8 1
27 4 10 37 39 32 51 36 36 9 35 3 20 36 53 25 16 20 50 8 1 14 20 12 32 57 13 20 6 35 4
20 15 23 73 50 20 69 70 57 65 24 35 6 14 29 42 27 42 6 20 38 73 15 17 11 71 13 36 20 14 21
11 20 12 1 16 20 74 67 6 55 37 20 18 5 23 20 47 4 12 20 21 21 2 55 9 20 10 1 7 20 38
58 60 2 4 14 8 71 25 20 13 67 3 23 1 5 6 20 15 27 15 3 20 7 2 37 73 4 60 13 32 47
13 38 2 10 36 38 57 42 71 7 32 3 20 31 8 3 73 50 20 26 41 53 8 66 20 35 6 32 13 21 20
54 12 19 46 12 58 4 20 32 72 11 32 23 44 1 24 15 20 27 32 12 18 71 57 21 20 52 36 73 15 20
57 47 22 20 13 40 29 25 3 20 42 26 23 13 20 15 58 25 20 18 11 36 17 21 6 32 20 47 21 5 15
1 23 4 20 23 35 75 16 20 17 54 38 8 53 32 71 31 16 9 42 73 34 70 7 23 36 61 20 32 32 37
16 17 8 35 7 23 29 21 20 21 23 26 21 20 27 40 11 54 20 23 50 37 52 20 14 41 10 20 36 28 8
71 17 20 23 41 48 32 20 26 25 41 17 20 31 16 12 22 31 11 60 40 20 16 65 25 20 57 29 6 20 74
4 58 14 3 20 52 14 16 37 16 38 52 2 22 35 36 32 73 54 35 47 36 20 3 16 4 5 1 20 8 70
6 63 8 20 23 44 8 20 17 8 25 42 59 20 68 71 15 21 20 36 65 43 61 20 6 15 21 24 13 47 20
5 36 28 20 17 7 29 10 35 20 46 6 15 14 52 72 44 6 44 66 3 36 57 3 37 37 32 7 2 59 17
20 5 57 65 10 6 20 14 3 47 23 76 36 24 23 13 36 20 16 5 61 50 6 44 55 25 4 1 11 53 59
70 8 41 20 50 35 59 32 55 35 59 56 20 36 55 3 32 5 65 70 20 13 40 71 20 43 22 27 42 20 55
21 25 50 20 30 30 27 20 67 38 3 64 20 52 25 54 36 22 7 52 53 58 37 32 20 16 36 3 12 20 56
67 39 20 37 4 4 18 20 28 6 17 56 42 20 26 29 36 5 20 23 13 42 18 20 19 32 21 70 4 18 18
76 37 20 6 3 13 29 20 10 66 32 66 3 19 33 23 20 71 67 58 73 3 20 15 26 24 4 18 20 77 53
1 31 18 58 66 20 14 65 47 20 8 43 10 58 8 16 44 4 20 3 23 11 41 20 22 17 37 53 20 52 25
67 70 12 20 34 11 21 24 7 42 20 41 50 6 50 6 20 23 50 14 46 20 60 67 50 15 14 20 55 35 33
42 21 31 28 6 66 8 3 20 28 76 29 47 40 41 15 71 64 20 42 30 16 20 1 24 54 30 26 6 19 67
20 13 58 21 20 55 58 67 20 23 58 16 38 41 20 52 74 35 32 63 36 7 3 27 20 19 4 34 20 23 17
36 14 20 29 31 25 20 74 4 14 20 19 27 59 8 20 25 66 1 20 35 58 42 62 20 27 28 31 14 29 25
62 4 46 30 42 26 35 59 7 20 28 36 39 57 27 20 13 64 6 20 7 67 65 20 16 6 15 20 30 27 74
39 59 20 61 61 45 50 66 20 2 15 30 35 1 39 28 14 46 7 20 13 13 18 37 65 20 37 1 23 17 20
37 61 24 37 26 20 71 13 27 46 20 55 7 18 25 20 37 12 53 15 20 25 73 50 1 18 54 66 31 52 14
41 20 39 21 25 42 37 20 31 16 4 3 43 20 46 44 11 28 67 67 34 20 7 37 24 11 20 6 70 6 15
50 20 8 26 71 56 43 20 38 25 36 14 21 28 25 4 20 59 37 29 54 20 21 70 23 11 30 33 68 11 3
59 23 20 32 43 39 71 59 45 35 55 20 50 2 40 32 73 57 30 20 67 69 28 20 14 25 42 58 44 44 74
17 20 47 27 36 19 20 1 14 36 6 20 19 14 22 24 28 4 65 38 53 44 6 34 44 20 13 3 12 28 20
27 67 28 25 20 37 46 6 23 20 74 12 53 31 31 16 37 24 36 15 44 18 34 42 4 29 67 7 5 32 42
20 22 27 8 20 38 11 29 46 20 28 37 29 37 14 15 59 44 42 60 57 55 36 20 12 51 27 54 20 37 23
22 33 20 50 45 5 15 23 20 15 73 44 23 24 20 15 32 29 20 68 69 18 39 14 20 44 4 38 3 60 21
23 20 73 55 29 20 71 14 53 36 20 34 43 18 21 24 46 17 41 20 38 40 65 42 31 20 63 41 62 23 20
33 21 27 17 3 53 20 71 2 65 36 20 24 40 24 42 61 28 70 13 50 42 20 59 43 54 58 4 32 4 20
6 32 17 20 31 8 71 23 20 13 47 37 41 20 17 7 16 74 5 41 74 28 63 15 47 20 34 19 38 18 15
20 30 71 28 46 20 44 49 32 7 71 70 17 55 53 40 20 42 8 43 3 28 24 58 41 27 20 23 18 35 53
63 20 59 17 35 16 20 69 31 45 20 52 14 17 17 22 6 14 27 20 26 10 7 55 13 15 3 47 6 31 41
20 17 41 6 20 31 14 61 28 6 20 63 37 27 16 26 7 6 25 20 52 8 10 20 10 44 40 30 20 5 19
4 31 20 9 2 50 28 20 44 24 47 62 20 28 18 66 20 6 38 27 42 20 37 10 16 7 54 40 25 61 40
20 53 38 39 2 42 20 67 67 26 21 65 20 43 14 5 20 28 26 34 76 69 20 28 17 4 12 29 20 57 37
50 2 20 37 55 3 67 41 20 63 55 6 21 36 21 59 55 18 20 21 71 28 61 6 18 13 32 19 20 73 44
19 31 33 20 71 3 43 71 15 20 25 14 57 9 53 25 43 5 20 50 66 23 22 20 21 61 22 30 2 68 59
71 20 67 4 14 3 41 20 35 6 14 40 24 20 28 63 28 30 41 37 15 21 20 8 29 35 8 20 32 23 26
20 2 57 71 26 29 20 21 33 13 8 17 20 3 38 63 60 20 60 7 59 57 27 71 1 3 14 62 20 65 37
6 10 62 71 6 20 64 35 27 30 3 33 61 23 20 13 11 41 21 20 46 12 1 20 15 73 24 6 39 20 5
15 11 20 28 25 31 22 50 44 55 33 20 57 9 56 36 20 21 1 7 3 25 20 7 7 28 17 11 20 42 25
2 20 8 57 9 20 67 38 12 20 33 31 52 23 37 25 35 39 34 14 62 3 20 63 30 21 62 35 73 15 36
68 36 3 20 17 52 13 47 4 42 46 21 15 44 20 46 25 50 17 29 5 13 13 47 20 50 1 18 30 65 20
55 71 41 7 20 16 4 37 20 17 29 4 27 57 20 42 52 55 74 12 57 3 22 60 36 20 29 38 5 41 50
20 19 18 17 23 16 20 65 9 12 20 37 10 59 50 17 20 77 9 6 20 26 69 5 4 66 20 61 9 4 27
20 3 73 65 7 50 30 28 20 24 56 26 15 20 44 14 47 13 30 12 1 21 4 26 20 23 31 34 53 27 20
25 56 3 52 20 18 6 50 71 20 71 27 50 8 29 20 5 42 24 58 20 38 12 36 32 4 20 1 6 6 4
20 24 36 28 55 28 21 6 18 13 7 17 2 24 20 23 74 36 52 4 20 12 11 26 26 8 32 31 60 5 36
20 14 55 36 20 43 8 52 20 48 10 39 40 55 20 23 42 61 57 20 18 46 12 30 20 15 10 6 39 29 20
67 27 73 43 26 21 23 44 50 6 20 23 26 41 36 26 20 38 16 15 60 73 20 12 1 29 42 31 20 15 25
51 43 12 31 8 20 36 26 17 21 20 30 55 24 20 31 35 57 4 47 20 62 7 35 3 20 30 29 52 16 40
20 28 6 7 20 24 29 7 20 5 36 38 31 6 34 61 20 23 12 25 20 42 21 13 41 45 1 23 20 49 24
36 20 72 28 14 47 46 6 71 57 36 18 74 20 29 5 40 7 69 40 19 60 20 6 50 35 7 20 2 12 19
26 45 20 17 10 27 76 14 17 20 8 23 14 20 32 57 39 20 52 35 36 11 62 20 28 6 3 35 28 59 42
33 73 20 12 24 35 1 28 20 12 16 19 12 20 60 59 41 12 20 25 18 1 32 8 20 27 36 12 1 15 33
13 20 8 41 61 17 20 71 16 58 19 59 18 17 29 55 20 42 50 3 7 30 41 1 52 20 14 42 8 6 20
54 4 19 20 6 8 50 15 61 23 20 37 26 29 32 27 44 35 4 22 38 20 59 5 29 69 5 38 24 24 20
58 37 50 10 4 43 14 58 20 58 6 50 35 28 2 18 28 5 42 31 38 13 73 20 23 6 27 20 23 32 14
21 20 27 57 1 20 32 36 4 20 9 14 50 12 64 20 6 2 33 20 73 29 16 20 32 47 32 30 16 5 52
55 12 20 40 3 67 57 52 20 39 57 3 4 20 35 7 6 20 46 32 36 1 50 47 37 17 20 28 1 1 35
20 5 68 18 52 46 20 30 27 12 8 6 1 13 38 20 30 16 32 24 36 17 36 65 35 21 58 20 9 16 40
23 23 2 7 4 17 6 20 12 66 6 55 61 12 42 56 20 1 71 76 7 12 39 22 20 37 6 17 63 20 5
67 15 17 52 20 32 46 32 20 50 55 16 6 21 20 70 28 36 20 1 29 34 17 12 20 27 16 4 43 20 8
71 52 60 35 8 30 20 44 24 8 34 10 20 13 73 6 24 12 59 52 67 22 6 38 1 20 10 15 40 31 41
8 24 61 20 11 70 15 20 30 13 36 29 20 23 17 8 34 32 26 58 20 2 47 58 11 20 16 18 2 38 46
20 18 61 43 57 31 20 42 35 4 43 59 57 32 41 20 41 15 41 28 7 20 31 42 3 19 20 38 38 3 42
7 20 18 26 29 20 60 21 9 39 20 33 31 27 29 22 63 23 20 32 36 61 20 26 50 36 42 15 20 11 23
18 52 57 29 16 24 20 50 26 71 43 58 7 6 16 11 30 8 35 57 11 67 28 20 29 6 14 55 20 58 55
6 21 20 13 41 40 20 3 15 9 13 35 12 6 44 20 1 34 35 15 20 67 24 23 7 71 36 35 32 10 3
20 21 32 39 23 18 9 21 42 20 42 67 17 20 60 43 29 31 66 7 32 55 20 71 27 25 20 41 25 38 39
20 15 15 44 59 20 50 31 15 4 20 6 46 36 20 56 67 17 33 3 20 27 61 12 24 23 3 62 26 58 20
24 1 72 20 7 5 7 20 15 57 17 18 21 20 37 41 7 14 20 50 71 13 21 3 7 19 8 11 32 3 11
41 39 20 39 3 26 26 38 1 14 28 8 24 32 20 61 11 27 55 53 38 20 67 12 25 35 20 23 47 12 27
24 23 36 27 20 25 27 12 37 20 41 7 63 20 46 3 31 37 37 20 70 12 55 15 56 20 31 46 39 20 7
41 65 59 20 25 11 58 52 40 13 3 42 14 20 63 35 32 33 15 20 27 29 67 20 15 29 13 40 66 20 31
43 13 40 45 7 21 59 6 43 50 23 65 8 20 37 37 34 4 38 21 4 20 17 14 23 20 50 52 21 20 1
7 32 20 63 5 4 43 20 26 42 3 14 11 20 50 65 27 7 20 32 28 36 44 4 32 57 41 17 27 46 36
11 52 2 5 17 20 14 57 38 13 20 24 13 39 36 37 38 70 25 17 36 20 60 60 56 20 26 14 41 6 20
40 30 57 25 20 70 5 21 24 71 20 26 7 29 26 20 50 27 36 57 12 20 37 21 37 3 55 70 20 8 41
13 15 20 54 14 32 21 2 41 39 38 20 36 37 50 20 39 41 12 20 35 76 49 20 21 41 32 20 15 23 36
44 6 71 13 20 19 66 37 20 18 12 37 17 20 12 40 46 20 9 35 16 20 30 41 52 3 52 30 25 20 24
23 13 20 33 8 63 70 32 14 18 37 63 20 10 72 21 18 26 39 68 37 6 41 10 70 64 53 14 1 32 20
18 3 23 28 25 20 44 36 7 57 20 31 21 68 39 28 15 68 16 12 40 20 5 36 65 20 57 6 40 53 1
25 30 1 20 31 6 17 18 4 20 21 14 59 3 13 20 27 33 66 48 3 43 12 73 36 38 65 21 20 10 30
4 36 6 20 37 40 8 40 31 28 36 8 21 18 26 21 18 20 60 37 50 21 39 20 30 24 29 35 52 20 12
50 54 28 20 12 4 46 13 76 50 8 20 66 71 13 38 18 37 8 14 20 44 7 29 20 15 19 19 18 20 12
38 56 6 31 20 53 12 32 46 20 71 15 11 67 11 20 61 42 55 44 20 34 28 21 20 8 6 32 42 44 13
58 2 20 52 17 24 2 5 42 58 15 37 28 21 59 9 20 14 55 2 20 10 16 5 6 70 1 22 5 7 9
2 46 20 76 22 6 20 3 36 34 4 18 41 57 8 70 25 13 20 42 36 28 16 31 47 4 20 35 1 57 65
36 15 22 3 33 43 12 4 20 3 29 13 70 20 6 46 71 52 60 53 13 61 20 27 12 35 25 30 20 28 4
8 20 11 12 57 35 5 10 3 21 73 20 4 32 6 66 4 20 2 57 32 57 36 20 73 26 7 20 41 40 16
25 65 29 74 32 2 74 20 42 58 17 20 18 30 32 37 32 20 29 67 8 20 8 4 23 20 52 38 28 20 13
52 28 20 25 37 33 23 71 39 60 62 20 43 17 15 35 20 39 66 42 65 12 21 69 19 28 11 20 40 5 8
37 8 20 37 28 19 20 4 70 63 20 30 31 42 67 20 59 55 42 20 24 57 8 20 57 14 2 60 57 30 37
76 12 30 2 55 43 21 46 40 20 12 68 31 38 17 20 15 58 52 20 37 66 41 20 42 61 13 60 34 20 26
35 58 20 32 30 25 62 65 20 47 17 29 57 17 62 28 27 12 42 29 30 1 37 20 67 22 35 38 38 20 61
30 24 41 32 20 38 14 16 1 57 17 36 22 20 28 69 68 20 51 26 73 67 59 1 7 39 20 74 35 18 50
20 43 35 29 61 20 29 37 74 20 75 4 15 28 20 11 52 8 7 50 20 31 13 43 20 8 64 25 11 20 24
54 15 3 63 3 50 15 20 42 54 55 20 1 35 50 38 61 37 60 12 58 27 66 29 5 1 3 19 46 3 20
55 55 23 19 20 23 28 32 13 73 20 42 7 13 17 20 10 5 27 40 58 20 8 63 41 37 41 20 50 8 7
27 20 11 24 37 20 35 48 24 34 49 61 58 28 12 20 8 65 16 56 52 3 52 7 8 20 6 2 71 23 4
14 58 44 63 21 8 69 20 69 35 1 45 20 50 46 22 5 20 55 29 38 14 4 20 42 32 45 5 3 14 17
46 20 63 73 13 16 20 13 24 65 20 30 39 36 71 25 24 41 38 20 12 14 30 6 20 73 13 12 20 42 36
23 18 61 55 36 24 50 20 40 40 4 60 20 11 21 76 53 41 20 30 66 63 59 20 70 21 32 15 47 6 46
21 52 20 56 22 5 20 57 36 21 50 57 8 6 37 42 20 25 38 6 20 74 14 36 20 10 17 32 6 52 20
71 59 36 40 20 15 14 39 20 24 32 57 4 28 38 38 18 37 40 4 41 11 20 43 46 31 37 20 8 50 40
20 11 57 59 20 46 57 29 46 20 17 53 12 34 20 19 42 23 74 55 67 27 20 36 27 3 29 15 5 3 30
20 18 2 25 20 42 52 32 20 31 14 70 24 20 54 36 53 10 1 22 37 33 50 22 20 36 67 60 43 20 36
10 28 53 39 20 4 4 13 20 23 1 41 46 15 20 37 24 37 30 20 41 37 8 60 20 25 6 67 28 43 21
57 61 15 38 17 42 66 37 27 3 20 40 39 29 20 23 12 58 20 42 41 61 37 69 20 8 31 14 76 20 6
70 57 41 20 35 3 6 20 73 16 47 38 41 17 20 13 41 46 26 20 28 77 23 15 20 23 24 3 42 20 38
7 25 20 6 37 15 1 20 53 61 37 20 18 14 33 4 3 38 76 21 20 18 3 17 1 53 7 13 58 57 61
24 26 20 16 21 50 13 3 20 29 45 60 20 3 4 43 24 13 69 7 26 5 55 3 51 8 2 42 37 55 31
17 20 12 27 16 37 42 20 30 21 43 35 20 11 14 64 3 28 20 21 6 23 1 36 20 25 36 25 17 20 42
37 50 20 6 33 12 1 29 34 55 15 20 52 64 50 44 20 4 29 2 32 20 75 26 37 71 58 20 19 36 1
25 11 20 50 54 29 37 15 20 28 5 29 24 20 55 36 52 15 55 20 38 28 23 33 40 67 4 36 55 3 1
20 15 42 11 37 14 27 14 13 20 31 66 52 16 6 20 63 12 27 20 1 21 34 31 71 55 8 28 3 17 23
11 24 48 23 16 20 17 13 36 42 73 20 10 18 40 20 16 25 27 6 22 20 21 56 46 36 20 67 63 35 6
2 20 5 24 36 63 20 43 27 31 32 41 2 71 20 19 27 69 8 20 14 37 10 12 41 3 20 17 23 58 20
49 3 32 25 20 7 4 13 17 20 65 56 15 20 39 31 4 20 17 21 52 39 2 7 28 50 32 21 61 14 20
67 13 67 21 27 37 12 61 20 35 36 12 23 14 36 38 42 36 3 35 57 7 27 35 28 20 21 27 23 24 20
31 68 65 4 35 65 50 38 20 60 42 23 20 6 10 25 46 43 20 22 37 42 6 36 39 40 20 35 41 26 1
40 20 32 11 16 20 55 46 42 6 20 36 68 40 20 16 57 50 65 47 20 31 24 57 15 66 1 21 35 68 11
4 71 36 20 18 11 10 14 32 13 20 55 13 14 20 9 69 2 58 40 20 15 25 10 20 65 23 47 13 20 40
1 16 56 5 20 35 21 32 16 55 17 41 20 10 71 70 37 18 20 12 59 71 15 61 30 36 57 56 24 27 20
41 7 12 7 32 20 28 36 58 8 10 4 37 37 20 13 71 36 36 61 20 68 45 50 48 20 64 63 73 20 31
1 13 20 15 18 44 63 38 20 41 21 8 21 20 21 17 21 50 31 54 50 20 71 59 32 34 20 24 30 13 37
23 6 1 20 73 3 53 27 23 20 12 21 42 20 13 59 3 20 14 50 38 20 4 63 61 37 20 11 30 31 20
21 40 41 71 25 26 8 31 20 21 12 24 20 13 5 1 20 46 16 28 20 1 34 16 20 6 1 23 20 63 3
32 13 58 20 18 6 14 55 67 15 38 20 19 42 21 3 38 20 2 31 74 21 7 3 28 20 17 53 23 50 50
16 34 33 13 20 7 10 42 13 26 20 17 32 25 15 17 20 8 15 3 47 11 20 1 19 15 6 28 52 3 24
68 20 74 18 14 2 43 18 18 61 48 2 50 20 30 12 35 61 20 58 44 35 73 29 20 69 15 13 29 20 73
52 3 61 20 50 43 5 35 26 24 3 25 20 52 5 30 20 7 44 56 53 20 2 23 57 21 20 10 13 35 30
50 66 4 61 20 17 25 14 20 32 29 52 13 20 12 72 57 50 5 20 52 30 30 41 20 32 39 29 41 71 20
49 10 4 13 59 2 15 12 20 13 73 27 55 20 11 2 26 20 25 23 21 21 20 64 33 40 1 20 3 71 23
20 26 29 18 13 21 20 50 73 13 4 20 35 3 21 18 36 25 29 26 8 20 39 57 36 20 13 71 37 68 55
52 20 12 6 25 42 62 60 38 20 7 25 7 24 13 11 37 29 52 20 50 73 29 55 20 36 4 71 7 20 10
50 60 67 35 37 20 21 31 50 28 12 36 38 11 35 46 2 42 42 36 7 39 24 20 43 23 36 25 12 20 11
42 16 34 19 20 41 11 13 57 36 38 41 43 20 8 11 35 46 20 68 46 47 1 34 5 18 26 20 7 34 3
20 32 67 42 52 20 52 11 26 20 7 32 13 20 1 21 42 42 41 31 6 32 7 29 36 38 36 18 53 46 23
47 36 4 57 41 19 20 35 52 42 39 37 50 20 15 44 4 58 3 20 69 13 42 20 9 15 12 16 20 21 71
43 8 20 34 4 28 20 4 23 23 13 47 20 40 11 15 1 42 4 6 55 57 20 42 41 50 28 20 41 35 11
42 73 2 33 37 4 20 23 21 15 24 57 3 46 8 20 36 29 3 27 35 52 6 20 37 15 6 21 50 20 27
5 17 55 32 20 44 47 62 62 55 20 36 12 50 25 37 20 36 57 15 20 37 35 24 59 47 24 36 20 29 6
42 67 20 39 55 67 44 69 20 3 14 13 12 70 20 35 4 27 42 28 20 35 15 18 17 42 20 58 38 65 44
25 14 58 40 47 20 15 38 41 61 29 20 65 26 14 20 39 9 33 20 21 24 18 14 41 29 12 50 20 21 18
6 55 20 42 40 4 23 36 6 34 12 14 4 30 42 57 9 8 56 21 4 10 20 28 1 74 20 37 29 55 24
20 75 6 15 20 15 42 50 20 15 50 42 21 42 12 47 65 10 53 23 30 4 18 20 18 38 73 27 61 26 66
37 71 72 42 55 16 20 56 12 40 21 21 56 21 20 59 7 25 37 20 23 14 26 29 52 2 36 19 1 20 65
11 50 20 14 42 24 54 20 55 27 73 20 12 25 13 13 20 44 15 37 35 20 44 36 32 43 43 33 29 20 7
17 55 22 53 27 16 28 20 8 12 61 46 46 11 32 52 36 2 7 57 71 52 25 39 20 11 42 22 20 18 41
21 25 8 20 10 39 6 23 15 20 23 4 67 53 20 8 44 3 38 6 20 32 52 14 37 66 20 44 43 64 12
12 21 20 69 13 12 12 23 2 26 27 29 14 20 23 7 15 3 57 20 15 15 43 20 59 17 54 61 20 37 6
46 31 44 73 3 40 20 54 36 42 23 20 71 13 42 11 52 20 33 73 50 3 20 1 1 52 53 25 20 50 31
67 23 20 70 10 48 32 9 29 41 10 14 20 7 19 32 20 17 11 44 9 20 8 27 57 16 20 71 42 53 20
32 41 40 15 5 8 28 32 36 20 14 50 15 21 28 20 17 58 7 32 3 20 32 65 46 29 20 3 32 47 38
20 66 3 35 43 4 31 21 18 20 31 58 11 36 20 15 21 14 16 20 58 72 12 20 11 3 21 50 40 30 29
36 38 20 17 28 5 23 74 14 27 4 9 4 29 39 8 68 61 29 50 38 40 77 13 13 57 5 35 18 15 4
4 57 1 20 36 10 65 68 7 20 15 58 63 20 58 45 27 37 21 38 18 40 76 20 18 23 67 20 47 24 54
50 20 71 36 36 67 25 17 71 39 16 20 21 40 10 68 3 20 21 41 57 34 59 20 65 60 15 37 30 61 24
13 1 25 35 60 13 20 42 57 28 16 57 20 30 35 28 12 25 8 12 20 23 7 21 20 40 29 3 15 71 40
20 16 35 50 20 1 71 38 41 30 20 31 42 7 47 20 25 38 6 70 63 28 37 6 20 27 1 42 20 27 3
40 7 20 7 23 12 20 57 9 3 20 42 59 61 32 20 19 57 5 31 58 9 20 1 28 57 29 59 20 37 73
15 20 55 7 19 20 33 22 44 20 16 17 41 20 18 7 42 42 20 39 42 76 37 12 34 41 57 20 45 24 29
6 23 57 42 5 23 8 25 67 38 25 73 21 20 16 46 4 21 43 20 8 71 40 7 52 20 8 47 2 24 20
2 67 13 20 48 73 1 20 37 29 12 29 17 20 59 28 41 20 3 1 30 15 64 66 8 69 46 70 43 16 29
59 58 29 32 55 6 39 43 21 71 20 40 25 43 20 27 43 40 15 3 6 58 28 20 59 56 40 42 37 37 44
73 20 31 57 41 42 20 47 30 57 37 3 20 32 7 1 12 52 71 3 28 20 55 32 18 67 27 15 7 29 15
28 20 71 19 21 58 42 43 28 47 8 27 3 20 76 18 27 20 3 44 55 21 20 40 67 3 20 46 36 13 17
26 24 13 35 36 52 49 23 4 11 28 18 76 15 20 30 50 4 30 41 54 60 6 1 8 20 42 14 3 10 42
36 40 7 20 11 55 13 42 20 44 53 35 1 20 15 24 28 11 18 24 19 65 53 20 40 15 64 2 44 2 4
10 20 13 70 15 61 67 7 24 57 21 20 30 34 71 52 20 47 18 61 20 13 35 16 61 7 20 29 34 29 40
41 27 65 20 53 4 55 20 47 50 61 28 24 20 2 14 70 25 20 42 26 7 62 20 6 45 35 4 68 18 36
20 9 24 46 8 37 72 6 15 18 4 59 55 4 28 20 46 59 3 20 6 32 42 20 38 6 13 15 20 65 8
73 13 50 20 30 31 12 32 17 37 47 10 16 32 44 20 71 41 21 20 64 26 58 21 42 17 2 28 37 20 37
31 23 16 14 20 3 55 31 38 38 23 27 50 20 29 41 6 20 32 71 29 17 39 20 61 24 8 6 20 61 4
35 20 6 61 50 26 43 20 38 25 21 42 20 18 17 11 20 5 46 27 16 13 8 67 4 57 7 12 65 32 31
3 44 11 30 35 3 20 7 51 55 22 7 20 38 29 31 20 40 33 36 20 73 37 28 30 59 41 53 25 8 20
33 14 59 23 28 20 6 6 14 20 43 58 41 12 40 30 20 7 44 66 60 20 15 3 12 68 69 37 25 15 2
20 45 32 46 50 10 20 70 62 42 23 40 56 14 71 20 67 57 43 41 20 35 1 12 3 20 31 70 45 20 28
38 48 20 18 36 53 20 4 41 22 72 20 27 37 35 19 38 7 31 20 57 26 8 38 20 57 23 21 60 8 25
14 40 25 20 44 1 7 8 10 20 21 61 6 20 38 8 38 52 20 3 8 2 58 4 6 4 56 20 52 13 29
26 27 21 43 61 20 27 16 9 12 14 27 17 35 41 6 25 20 32 47 11 20 64 12 40 39 27 39 55 25 20
10 25 7 15 20 10 46 72 20 35 52 23 20 35 39 13 53 20 41 23 15 39 20 23 42 44 40 20 34 45 22
8 1 12 43 20 31 66 4 58 20 6 2 21 40 20 7 61 4 6 54 10 33 20 31 55 26 20 35 29 18 64
35 42 16 24 20 18 8 73 8 45 20 59 8 3 16 57 20 23 47 17 15 20 50 47 15 60 41 10 42 50 3
32 13 37 20 32 3 7 10 20 40 66 21 31 30 20 36 71 11 12 4 36 73 57 20 15 52 5 20 55 12 11
55 20 57 24 9 14 8 20 69 44 28 14 20 21 25 17 37 11 20 37 7 24 36 20 32 73 52 13 64 52 4
28 20 59 58 13 73 20 9 26 5 20 15 3 26 62 20 47 52 18 14 72 25 58 30 20 67 40 36 20 61 10
24 35 57 20 2 10 35 58 20 25 21 4 20 3 73 63 20 31 61 3 1 12 57 21 16 20 1 65 17 58 20
21 53 2 8 33 20 4 70 18 20 6 6 31 25 6 56 25 41 1 20 13 37 19 36 20 11 43 24 4 38 20
4 50 1 24 21 20 72 29 16 20 40 60 57 44 20 42 50 10 10 71 43 39 38 32 29 4 27 27 67 44 4
58 44 35 20 55 23 3 27 35 20 8 38 3 20 34 47 21 41 20 32 3 68 53 46 20 57 6 41 26 20 15
70 36 36 2 14 46 20 31 10 44 59 20 12 63 18 60 20 32 55 37 24 73 20 24 2 74 20 6 65 14 20
31 23 36 30 2 37 38 30 27 20 58 2 71 66 25 20 57 40 41 6 50 50 8 38 41 20 22 11 53 1 14
60 21 36 23 20 21 36 14 12 54 20 10 43 25 8 32 20 29 23 17 30 4 20 63 42 29 54 9 65 39 32
28 8 20 69 6 41 12 20 37 19 49 16 38 17 15 20 9 8 52 3 12 20 28 50 28 29 15 7 50 73 17
60 27 7 64 41 16 20 55 31 30 20 58 9 14 20 32 12 27 20 17 13 44 14 20 42 9 3 4 28 20 18
60 26 66 56 20 58 24 56 31 34 52 20 4 13 38 16 3 20 25 10 12 27 13 62 21 2 20 7 37 40 69
20 31 59 50 14 20 5 52 11 4 37 20 71 39 55 8 20 35 71 11 6 25 20 10 15 14 62 20 25 27 24
63 17 22 12 63 2 28 20 72 57 69 28 20 73 70 17 61 28 20 36 28 40 23 20 27 37 15 7 20 66 29
23 20 39 37 14 36 59 20 57 70 36 50 60 20 16 15 8 26 27 42 35 13 2 47 64 12 38 21 6 35 15
55 20 23 35 32 28 57 20 40 34 37 59 48 20 1 22 23 10 20 55 46 11 24 11 24 46 19 47 1 25 16
45 20 50 6 8 28 40 7 20 46 38 28 37 27 26 29 28 35 1 20 69 41 52 52 32 22 65 27 20 14 67
6 39 20 32 2 21 20 22 71 62 20 44 73 28 15 7 3 31 2 29 58 20 28 46 24 15 17 36 24 20 71
36 58 9 47 20 4 21 36 39 23 20 36 44 39 2 20 19 3 6 20 57 65 60 16 20 37 69 8 6 29 20
36 40 12 22 15 14 50 57 10 20 35 6 42 20 71 17 7 42 20 52 31 17 20 58 52 36 16 36 32 41 26
35 3 25 66 38 20 55 36 32 2 15 15 8 6 64 20 63 10 58 32 38 66 40 35 56 10 57 60 39 77 20
26 44 62 74 52 25 13 57 29 32 33 53 24 42 28 53 13 26 76 4 20 21 34 6 30 20 42 33 77 32 23
20 44 24 69 47 58 43 54 40 20 3 31 47 38 50 3 8 53 59 31 71 7 67 8 70 27 21 4 58 37 70
20 17 25 8 18 41 20 62 41 17 20 7 37 12 21 20 2 71 32 21 5 37 40 69 61 31 16 37 38 6 70
40 3 61 25 52 20 45 4 32 25 20 50 2 27 26 1 20 32 28 27 30 37 20 32 12 2 20 5 47 22 24
40 20 28 13 72 15 20 15 10 28 46 19 12 13 32 37 57 20 53 39 67 52 36 20 44 37 23 43 21 20 32
15 1 28 3 60 25 31 20 10 28 13 35 31 20 36 35 30 60 20 67 47 8 20 47 16 28 26 17 20 57 47
15 20 13 6 7 76 59 3 14 29 23 23 18 20 32 37 38 43 32 14 24 10 50 20 37 37 22 5 43 20 21
54 40 28 71 73 4 15 3 30 36 37 20 42 8 8 20 67 50 41 6 8 20 71 3 13 47 20 40 10 19 37
14 20 29 4 21 50 48 37 5 55 2 70 44 44 57 20 14 28 9 3 69 20 29 37 7 20 37 21 32 55 20
14 40 57 20 40 43 36 31 20 21 23 54 50 23 20 30 7 3 6 35 17 74 7 20 2 37 39 20 29 28 13
15 20 14 27 6 40 20 29 33 16 20 32 61 36 20 44 12 73 20 35 7 41 53 5 20 27 21 25 59 7 32
41 23 2 35 21 31 3 3 29 20 61 2 22 43 9 13 20 37 43 5 20 24 15 4 25 55 20 37 29 26 20
3 31 3 20 61 70 21 9 2 8 39 20 23 36 71 20 25 38 6 36 67 20 4 15 49 3 14 55 38 1 15
55 20 46 8 32 20 8 17 59 11 35 68 47 20 28 35 6 20 21 57 70 28 34 65 15 10 52 14 71 74 32
29 29 32 58 15 20 38 19 29 25 20 71 40 18 50 20 41 35 13 55 47 19 4 20 13 7 15 29 7 20 57
43 12 3 37 41 15 19 29 27 39 69 20 58 41 50 20 31 27 40 37 20 4 38 2 36 25 56 33 24 18 21
39 60 20 17 23 37 47 20 65 41 39 25 20 6 43 5 21 50 20 13 41 28 28 36 69 7 8 3 20 23 60
10 20 37 56 11 43 20 52 44 45 6 20 67 54 32 21 26 46 20 12 63 11 61 16 29 28 35 25 23 20 52
36 38 20 29 42 22 32 50 20 2 23 6 20 43 24 15 20 8 59 26 32 27 8 63 20 16 26 40 71 36 30
20 52 2 40 20 27 3 1 30 28 57 45 7 30 52 56 65 61 41 3 3 10 53 7 47 69 6 30 71 3 66
3 57 35 15 13 20 37 15 16 20 32 52 17 16 8 23 30 27 20 27 29 58 3 20 23 10 38 31 20 15 15
7 23 23 5 27 20 30 11 35 26 15 8 1 56 28 20 32 12 54 20 11 52 6 20 38 14 47 71 20 17 2
24 5 24 20 28 28 23 31 20 12 6 59 8 12 49 35 21 14 11 24 20 19 35 15 20 21 30 4 57 2 20
23 7 48 36 20 3 36 37 1 6 29 58 16 20 24 57 33 20 10 52 26 15 20 16 13 35 33 44 20 5 42
54 46 18 20 4 71 5 20 42 11 12 43 20 11 47 23 64 44 8 71 42 20 71 31 8 20 17 9 67 46 71
20 35 21 16 38 42 20 40 1 35 3 20 73 25 73 16 42 32 42 2 67 4 62 41 20 60 13 7 20 52 19
1 1 49 32 53 28 20 28 71 58 32 3 42 8 69 71 49 26 39 27 8 2 41 20 21 12 4 10 6 26 38
20 71 63 44 36 26 41 70 24 23 1 52 4 23 15 25 20 54 61 50 37 20 24 6 13 20 32 38 39 20 25
14 70 22 30 35 53 54 17 35 6 21 13 20 39 35 35 14 20 4 13 44 52 20 3 38 36 26 7 20 39 41
69 20 37 25 7 20 41 13 10 20 1 8 28 17 20 70 36 23 32 29 4 41 20 35 24 8 52 46 20 55 27
24 20 14 55 36 37 20 45 55 1 20 14 3 8 17 18 23 13 47 38 43 42 40 1 25 38 13 66 50 6 20
11 29 27 51 20 15 32 32 20 7 35 40 8 20 6 17 46 17 20 24 31 24 43 20 24 4 57 12 6 31 50
42 54 32 20 57 47 21 36 10 14 23 40 20 57 42 44 60 7 20 15 29 70 65 15 20 12 6 38 20 73 35
5 44 4 12 57 9 54 8 25 62 11 20 21 3 55 25 20 56 8 4 59 16 20 23 17 14 24 39 20 15 69
40 17 12 4 7 15 37 21 23 43 38 20 4 18 22 29 33 21 61 43 20 61 59 37 14 13 20 53 44 42 20
15 65 40 25 59 20 6 13 46 23 60 36 57 32 42 55 1 70 20 33 15 36 11 20 65 74 17 55 20 13 38
16 17 15 20 37 23 35 20 5 39 32 15 29 20 8 7 63 20 41 44 9 20 6 26 30 26 39 50 12 15 23
24 25 20 6 57 43 34 20 27 32 3 73 54 20 59 30 38 14 3 44 15 52 7 20 7 21 55 25 20 41 37
71 32 42 20 59 60 17 37 20 36 55 18 41 9 20 39 25 67 71 8 20 19 67 66 11 20 41 57 2 41 20
3 38 5 19 15 46 47 7 18 28 69 3 9 20 35 2 27 6 61 13 21 43 24 70 21 13 46 20 11 31 3
28 31 15 26 7 26 43 20 46 58 24 20 52 54 24 22 60 20 44 13 25 55 38 20 36 30 52 20 6 2 17
66 20 6 27 54 17 36 20 32 5 58 1 20 71 60 24 14 61 35 34 65 7 58 20 42 24 25 15 71 61 7
73 20 71 58 23 36 3 6 14 31 58 38 59 37 26 20 36 30 16 46 29 63 53 40 20 15 16 71 20 7 54
5 1 55 20 31 26 6 3 20 16 41 36 20 39 8 59 31 63 20 63 23 66 1 43 20 58 28 61 20 12 7
1 14 15 31 8 53 20 31 29 47 20 70 35 44 66 27 7 13 17 3 20 62 66 38 20 41 4 9 39 20 71
8 37 33 20 15 23 1 35 63 32 55 14 23 57 44 20 11 29 39 20 2 14 9 17 3 36 36 1 20 74 59
36 6 44 20 5 4 4 23 55 20 6 6 44 24 59 20 35 53 17 45 25 20 52 21 17 20 7 15 15 20 25
38 41 14 7 36 1 15 60 23 58 1 15 20 27 24 35 20 38 52 37 35 20 54 15 7 9 37 38 21 40 40
34 20 26 71 7 38 37 20 21 36 13 20 67 52 65 20 23 14 18 25 7 32 2 3 25 20 21 17 21 20 16
30 22 20 40 3 27 20 40 6 42 3 20 35 24 48 20 21 23 13 41 7 32 32 33 32 37 4 23 13 20 18
3 40 31 27 20 28 42 26 20 32 41 6 20 6 62 61 36 31 20 4 64 6 40 4 20 21 39 55 72 20 42
15 73 32 57 3 20 17 15 21 8 53 20 37 19 15 20 15 55 71 35 20 31 44 42 41 29 55 44 31 44 4
36 30 23 16 18 20 27 15 44 71 71 20 13 56 28 25 4 13 21 33 10 35 12 20 25 30 28 20 42 50 32
9 60 20 57 35 23 35 24 20 9 35 52 20 8 12 64 15 20 13 17 28 24 60 66 38 66 4 32 20 13 57
47 20 71 50 50 21 15 20 32 45 50 1 21 47 15 38 4 20 3 8 26 52 19 22 38 20 25 46 16 38 20
11 27 22 3 20 13 8 33 20 35 25 1 20 43 23 40 18 57 20 35 44 9 17 20 12 21 42 68 20 24 28
36 44 3 13 30 32 20 19 27 50 20 46 43 8 20 58 1 31 14 58 20 47 35 16 10 24 20 71 17 37 29
36 20 19 19 6 26 20 63 17 40 69 20 34 15 55 67 7 27 3 21 50 27 25 59 11 18 7 20 57 52 41
31 68 60 15 67 26 21 20 26 60 23 64 20 36 15 4 24 38 20 50 12 15 20 24 4 11 40 20 27 25 40
28 20 32 50 61 37 20 60 3 55 20 35 59 28 57 4 1 39 67 73 1 20 50 40 40 67 4 20 36 61 24
58 24 40 55 18 35 5 63 14 38 20 25 28 24 57 20 5 32 50 17 52 54 18 21 20 3 23 67 6 37 20
7 47 31 44 4 24 58 42 32 70 9 23 57 52 59 71 20 41 39 8 20 23 12 61 20 4 28 6 20 42 6
57 20 24 46 35 1 28 31 51 25 20 5 2 38 5 21 20 3 29 14 39 20 22 7 50 18 72 23 20 41 44
12 8 8 20 57 42 34 20 41 28 35 39 20 36 43 36 21 20 2 4 3 20 41 4 3 24 36 20 47 17 60
15 28 20 12 59 4 61 7 25 14 20 5 55 32 69 20 32 34 60 50 31 71 30 39 67 20 14 21 4 43 71
46 50 29 52 39 57 56 20 28 42 14 13 23 65 39 71 7 38 31 52 66 20 42 55 21 23 58 17 58 36 14
21 20 42 31 50 3 20 60 57 35 3 3 40 26 10 73 5 20 35 13 35 20 2 26 6 4 18 43 14 20 67
11 23 33 36 61 41 63 55 20 44 23 44 28 10 12 36 29 50 42 8 67 67 15 57 16 66 20 8 28 62 20
39 30 36 20 14 5 58 26 13 37 8 41 20 12 16 5 50 39 35 8 38 20 63 8 12 4 44 20 24 58 36
73 58 35 9 20 7 39 24 28 12 21 7 3 22 28 52 41 20 74 40 55 11 28 20 25 68 42 16 26 11 25
21 63 27 17 60 20 27 65 24 45 6 20 27 57 26 20 14 37 16 18 20 35 15 26 32 20 31 21 63 7 20
47 15 23 27 13 26 40 10 20 63 54 13 9 20 1 21 35 30 3 20 14 31 12 59 39 20 27 41 12 28 36
20 26 26 52 36 62 29 6 61 60 36 60 41 23 42 28 32 36 20 22 13 12 20 50 32 24 5 61 37 35 71
20 24 59 35 33 6 12 38 55 17 7 37 60 9 24 65 1 76 28 58 35 14 19 20 56 12 8 35 61 20 61
65 37 71 38 68 29 19 74 25 3 28 19 36 52 29 13 42 42 23 40 70 21 42 69 39 14 36 38 8 20 58
30 32 29 23 20 32 23 19 65 20 15 26 40 11 20 52 16 24 18 20 30 19 16 20 35 13 47 14 31 6 16
27 7 20 16 47 40 20 16 45 57 21 20 52 1 56 7 20 54 45 16 20 12 67 12 39 17 47 71 32 20 23
4 39 16 20 28 36 2 73 59 20 32 12 38 46 29 65 20 71 37 59 39 72 23 47 21 20 15 37 5 20 41
67 32 59 20 36 27 5 12 37 4 20 55 33 30 20 44 16 65 8 15 30 38 20 50 58 55 12 32 31 22 36
25 7 65 73 26 20 2 3 11 11 42 20 63 50 71 20 61 25 24 15 6 20 71 34 24 20 18 55 13 61 20
17 11 50 20 67 23 8 52 20 57 25 21 2 50 8 36 12 20 29 23 6 65 8 18 71 55 61 20 9 12 15
23 20 6 31 26 20 30 2 48 25 58 37 59 46 24 10 20 24 38 23 7 12 20 9 50 28 42 20 13 25 52
63 20 3 14 39 4 20 59 2 47 28 13 20 23 14 13 37 36 71 63 11 73 18 14 21 55 20 38 41 2 23
24 20 45 30 36 37 20 17 15 61 44 14 61 20 26 39 22 20 12 23 25 24 36 20 41 61 63 52 21 14 50
20 27 12 67 20 29 6 37 40 15 41 29 17 42 20 15 3 6 20 7 27 17 20 73 19 65 40 20 61 16 57
20 37 29 52 7 20 4 31 6 4 20 19 41 37 35 71 31 58 24 35 20 31 32 1 58 20 30 38 12 8 58
20 29 38 42 21 7 20 6 35 13 8 23 22 6 20 25 40 75 20 65 41 28 76 20 23 50 65 28 38 59 40
24 27 20 13 18 55 4 20 32 30 25 6 24 20 37 36 28 7 73 6 18 4 27 34 69 59 58 10 20 14 40
71 12 34 20 41 5 44 41 41 11 25 20 6 15 73 35 30 20 2 14 7 3 38 11 4 6 8 32 30 14 60
53 3 43 14 11 8 7 20 15 15 15 13 35 30 32 29 20 62 4 44 36 4 20 13 2 49 38 1 20 4 12
55 20 18 13 31 1 14 38 42 31 71 15 35 36 35 14 20 23 41 27 45 20 41 2 26 59 20 58 18 4 3
20 23 4 73 36 30 20 23 28 28 58 37 20 10 11 37 37 42 8 46 13 7 20 67 28 60 10 9 20 17 37
24 14 35 20 7 18 25 27 20 46 3 18 20 21 47 55 20 38 3 60 16 11 4 28 44 41 32 30 37 38 20
40 18 71 73 20 6 12 59 33 9 18 15 16 24 73 4 6 50 30 20 13 15 26 30 28 20 1 23 15 20 48
36 12 20 40 26 7 20 70 24 39 20 8 5 1 34 52 20 4 18 27 20 54 22 36 4 44 14 15 11 20 7
3 38 52 50 16 20 58 13 50 4 20 36 25 15 35 25 20 74 56 67 24 13 1 31 29 3 20 41 17 11 14
2 20 44 55 17 18 2 20 57 61 6 20 37 4 56 20 12 24 1 61 70 30 38 2 36 57 58 20 41 27 24
35 42 20 11 71 34 17 30 20 47 41 16 28 1 20 7 27 14 36 23 20 19 40 27 63 20 50 15 57 5 20
32 6 31 31 20 43 32 40 3 45 32 20 32 11 28 20 3 40 56 73 41 13 43 21 11 7 20 73 39 10 58
32 20 31 21 62 1 15 65 6 65 15 16 64 20 1 25 4 4 15 57 65 42 20 46 42 43 32 15 25 8 37
20 36 6 1 46 20 21 68 6 36 20 19 8 30 5 32 14 11 39 2 14 20 24 53 17 71 20 5 63 13 23
20 6 29 59 14 65 4 13 12 20 24 32 36 16 28 13 50 12 22 41 46 3 60 16 52 27 20 32 24 57 58
20 46 73 55 39 8 57 28 32 11 12 20 67 36 13 41 20 28 65 31 10 17 20 46 14 77 38 30 20 11 24
36 20 7 27 21 6 23 20 42 61 31 59 20 8 7 38 20 37 26 52 21 61 71 55 20 7 7 59 20 41 76
13 41 29 60 36 17 21 70 4 32 43 20 61 7 26 20 15 71 21 52 28 17 4 7 54 17 20 13 17 17 23
20 65 12 32 13 38 20 3 57 21 20 29 8 18 20 55 15 13 19 20 33 68 10 28 32 20 57 35 4 4 31
50 27 38 46 40 4 67 27 17 4 46 10 10 61 20 15 27 57 20 46 55 14 60 22 20 50 21 42 14 15 20
32 6 6 55 26 33 20 15 23 43 39 21 19 22 27 44 37 41 17 20 7 22 16 33 72 20 12 12 13 29 29
20 8 37 7 71 20 39 56 12 20 11 42 5 37 8 20 32 33 47 4 26 32 23 42 38 12 2 20 65 19 30
2 57 20 3 29 42 12 37 20 14 23 42 13 20 8 11 23 2 26 20 52 30 14 12 20 3 16 70 12 7 21
20 58 63 17 52 20 11 39 39 23 25 20 60 27 24 20 14 5 4 20 14 11 3 53 38 20 61 76 43 32 20
2 4 8 28 20 1 37 60 70 47 6 73 12 70 20 8 13 63 20 15 24 21 7 46 20 47 71 1 20 17 39
42 1 8 71 57 74 60 20 60 55 65 65 23 56 2 25 32 9 25 20 6 44 36 29 20 21 32 12 20 17 55
24 12 20 71 63 13 29 20 17 28 41 39 39 27 71 2 20 11 17 1 23 27 41 20 70 30 5 25 8 14 24
3 5 40 71 29 12 7 20 6 60 39 20 13 35 21 20 36 23 12 4 20 7 61 54 20 21 13 13 1 8 3
23 14 30 24 7 7 54 12 56 17 38 20 13 36 32 57 36 20 55 44 29 24 31 71 26 52 2 37 6 38 15
20 67 11 13 11 7 20 31 11 37 16 50 20 30 56 26 47 38 20 36 10 59 17 58 20 37 1 15 9 20 32
42 28 50 18 27 8 18 63 13 42 55 36 26 41 37 6 50 22 72 4 42 32 25 23 41 50 38 28 36 67 37
13 71 1 20 17 14 12 20 71 43 40 15 67 20 22 27 26 17 20 2 26 60 17 14 20 45 38 32 7 26 20
38 25 63 47 10 3 2 19 20 71 55 36 20 57 23 29 12 41 20 40 10 58 65 56 13 29 57 38 15 20 50
40 43 21 24 21 1 20 71 17 28 51 18 26 23 65 57 73 2 10 20 26 21 31 24 20 32 67 6 4 43 13
50 50 21 43 28 42 32 7 71 40 52 20 25 9 47 15 38 4 16 37 59 63 13 69 20 35 14 29 1 20 29
14 26 25 29 7 8 13 20 23 53 70 32 43 30 37 37 16 55 57 20 6 39 46 9 55 20 23 25 50 24 57
20 32 55 21 20 54 12 36 20 13 71 16 20 29 59 5 32 59 12 37 34 32 59 38 51 41 52 12 71 29 36
15 8 42 3 21 6 36 20 27 39 5 41 15 20 27 24 33 9 65 20 36 59 27 20 11 22 23 20 35 50 23
20 32 7 17 1 21 37 58 27 3 20 15 39 22 40 26 20 61 21 29 17 20 71 42 19 20 12 71 67 16 7
71 34 26 20 55 48 21 20 26 28 12 15 20 67 42 38 38 20 33 34 50 36 35 20 5 41 21 52 20 21 29
65 38 20 3 55 44 20 6 36 6 33 6 10 15 11 63 20 50 35 73 60 26 57 35 24 36 20 61 7 41 20
2 32 38 36 43 20 37 5 42 39 20 15 12 42 7 20 14 55 38 20 23 23 8 28 36 20 55 23 32 70 65
36 65 40 50 29 44 33 3 38 3 27 24 19 20 61 58 44 6 25 30 25 20 21 4 37 38 20 37 41 19 59
4 17 65 45 20 14 15 27 6 20 6 9 3 20 1 32 57 29 73 20 11 38 41 44 20 42 23 1 20 7 7
7 71 64 58 20 25 50 60 52 38 20 32 36 4 6 74 20 63 23 7 20 28 58 26 12 14 20 57 21 6 67
57 16 20 13 42 23 38 20 39 12 33 20 23 55 56 20 38 13 52 36 3 16 19 32 20 45 16 42 24 31 28
20 52 17 31 20 25 18 17 28 20 24 32 47 23 45 20 23 31 43 15 20 5 15 27 24 4 10 18 20 46 10
17 24 8 43 28 17 17 20 40 74 31 60 20 29 25 8 37 20 73 27 16 20 15 65 12 39 20 14 26 60 46
3 66 8 23 64 25 27 3 10 46 20 31 30 28 20 28 17 8 17 20 26 65 27 6 20 40 39 29 37 17 20
31 42 6 17 39 20 19 3 42 12 1 20 39 59 51 47 53 53 10 21 4 20 17 27 17 46 25 20 17 19 19
14 20 23 64 28 5 20 29 15 27 36 42 20 70 4 36 4 4 14 73 4 36 57 65 65 14 29 20 47 52 59
44 57 22 31 38 52 4 71 11 20 50 5 2 29 14 20 21 24 8 24 20 10 54 42 47 10 20 21 12 36 1
20 15 73 12 28 50 20 47 21 52 69 2 7 25 52 20 5 63 44 25 37 46 20 50 66 35 25 20 26 6 38
20 26 3 66 56 23 13 58 74 36 21 55 20 28 3 58 54 20 63 34 4 35 20 72 21 21 23 34 20 68 56
26 26 20 38 8 32 20 38 35 36 59 20 32 41 59 24 43 20 21 25 13 11 32 29 38 40 12 10 30 9 31
24 58 50 20 33 61 32 20 28 1 27 28 20 52 17 63 15 15 16 17 6 20 35 65 71 37 23 42 25 9 58
6 24 56 52 36 57 24 23 20 49 73 21 28 40 20 41 57 4 42 20 3 16 17 50 20 29 10 3 32 71 20
19 35 35 20 7 21 38 14 33 20 15 13 16 21 20 13 37 11 42 38 37 23 38 20 52 27 26 22 12 33 21
13 20 46 35 52 20 30 65 41 2 20 18 21 28 20 56 34 29 14 41 20 42 30 40 10 4 20 61 29 29 28
23 21 54 38 44 61 20 10 10 50 26 23 27 45 20 33 21 14 50 20 36 38 38 37 47 28 41 21 52 27 15
22 24 20 25 31 43 42 67 43 52 59 10 1 27 1 14 20 13 71 15 21 29 20 31 36 13 38 20 3 52 13
4 20 32 21 76 20 4 41 4 74 20 27 12 65 1 41 47 29 8 8 20 31 73 18 11 29 38 60 35 20 9
62 42 13 45 20 44 29 4 20 62 15 29 39 9 20 53 36 8 36 7 20 47 42 28 20 29 8 31 11 41 20
50 11 71 20 70 27 6 22 19 5 24 67 40 20 7 2 40 40 20 31 52 13 19 20 16 28 31 52 17 7 18
11 28 20 39 36 36 17 57 7 25 20 59 46 3 20 15 27 50 6 5 20 2 35 17 7 7 18 32 55 3 4
13 14 16 68 24 45 6 40 28 20 38 8 40 3 28 40 21 29 11 24 6 18 16 21 50 53 40 71 17 73 20
36 13 41 50 23 55 20 6 27 15 17 5 12 76 35 52 58 20 22 67 52 20 29 71 8 20 18 59 43 66 26
20 3 57 35 20 4 4 18 29 40 16 15 61 20 36 23 50 12 32 52 43 40 55 54 50 20 32 37 15 35 20
16 12 55 61 11 20 37 69 35 71 20 30 30 35 30 46 20 43 59 27 20 8 4 19 12 36 2 30 31 5 42
9 20 12 19 28 6 30 24 20 45 32 67 20 63 21 68 28 7 20 64 36 4 50 20 15 47 61 20 14 24 19
43 2 59 5 21 39 67 70 12 21 20 4 38 71 20 44 58 59 15 2 20 44 41 13 50 1 40 20 24 29 59
10 20 24 56 7 21 27 20 57 6 17 42 25 52 20 3 31 67 38 2 20 55 30 35 20 17 33 30 39 12 20
31 41 58 20 60 30 68 30 20 16 23 47 1 40 50 58 37 20 13 50 52 57 20 6 54 13 20 35 54 41 24
50 27 23 20 10 64 40 57 50 40 72 55 13 20 41 7 36 60 33 20 16 71 27 20 32 31 17 24 6 36 37
32 12 25 20 8 27 26 57 55 67 8 44 39 20 54 3 12 29 30 4 37 31 5 13 55 39 44 52 58 59 20
52 7 39 54 20 23 23 50 20 34 44 69 12 8 20 73 23 38 20 67 4 21 20 15 28 47 31 7 20 30 70
40 20 67 10 16 3 11 41 13 34 35 28 43 36 65 35 20 7 54 29 20 17 15 6 2 32 10 19 1 20 24
28 7 72 20 15 35 55 35 21 71 15 52 20 35 4 3 20 37 41 46 12 20 32 11 61 55 37 38 61 59 41
20 3 50 24 39 20 10 24 21 20 37 21 52 20 69 13 11 20 1 2 3 19 15 14 28 20 57 31 31 20 50
1 24 37 27 20 25 7 60 12 41 20 50 41 57 20 38 35 57 59 11 18 20 30 40 13 41 20 74 52 29 56
46 3 12 26 20 5 65 59 52 8 20 45 32 16 20 28 32 19 50 15 4 29 18 20 32 65 23 7 23 20 21
19 23 32 20 12 52 3 20 31 35 40 40 39 20 50 27 7 15 20 40 29 12 20 31 21 19 41 13 6 28 23
20 11 35 36 1 17 52 26 20 4 3 59 17 20 47 71 26 29 19 20 45 3 15 11 20 60 29 63 1 4 30
17 20 19 42 37 19 28 20 2 44 61 20 28 35 50 20 27 28 73 44 25 20 52 18 44 2 20 3 29 15 3
11 44 29 15 6 20 73 40 55 32 10 41 40 49 8 7 3 28 20 3 43 2 26 8 5 31 7 20 39 1 38
29 20 35 25 46 41 20 26 40 8 20 23 67 6 45 55 27 7 32 56 20 38 7 7 21 20 13 35 55 20 25
6 11 36 20 71 28 17 37 20 8 24 7 36 18 20 55 28 42 6 37 43 30 21 16 8 67 37 20 71 16 12
20 34 52 18 20 2 44 39 13 46 67 31 41 8 24 38 17 71 52 17 39 20 37 32 42 41 45 20 32 22 10
75 50 37 46 17 20 25 35 21 20 37 7 27 28 14 20 44 13 4 7 37 20 2 6 3 23 20 50 55 6 13
42 61 59 15 69 20 37 67 33 10 29 20 6 27 13 21 20 6 66 5 28 50 36 12 46 18 20 31 54 10 63
25 60 27 20 24 31 56 42 27 11 43 50 14 14 38 59 61 61 67 37 36 30 47 20 27 32 65 20 23 43 8
4 20 47 65 37 20 30 37 37 20 39 29 57 31 20 1 4 14 7 8 20 10 16 60 24 65 20 15 65 60 41
28 29 26 4 23 7 25 15 20 24 16 13 38 20 36 27 16 21 20 36 27 8 55 41 50 28 23 6 20 26 15
25 69 74 37 20 47 34 13 36 14 27 17 20 71 44 29 13 35 36 45 40 35 41 70 40 15 27 20 37 15 1
7 12 18 4 29 31 53 14 20 1 50 32 35 59 24 21 73 33 32 43 63 21 20 63 52 6 42 20 26 32 5
38 26 20 52 35 65 68 37 20 12 41 1 66 20 13 36 12 57 20 26 36 42 28 20 2 12 43 5 20 17 26
31 1 36 43 52 5 20 13 13 26 8 20 26 18 42 18 62 6 47 50 46 29 29 36 7 20 70 50 37 21 53
20 29 69 52 20 3 13 6 2 71 6 20 70 59 32 11 19 20 38 28 55 35 44 20 13 24 36 6 36 20 55
29 62 11 6 20 50 71 43 56 8 39 42 20 17 41 6 19 20 6 13 52 26 6 71 35 20 58 42 46 25 20
35 19 5 20 19 72 63 20 25 32 17 15 20 50 59 14 20 67 48 17 20 32 35 41 13 20 3 28 37 40 12
4 50 37 4 5 23 56 15 55 45 4 13 20 26 31 36 20 14 23 40 20 55 38 6 32 47 28 59 37 41 50
20 37 28 23 31 35 18 57 62 20 69 37 44 20 21 24 50 26 20 36 2 37 20 36 30 29 46 23 20 15 66
47 1 50 57 13 40 7 41 27 15 20 42 28 42 40 17 20 35 12 18 58 60 20 8 35 36 18 55 20 39 73
39 38 15 39 24 20 67 21 13 11 20 16 58 43 46 20 73 34 2 2 20 11 73 55 20 29 3 23 16 61 20
44 28 19 8 47 52 36 20 4 53 4 13 20 56 3 16 23 14 12 31 73 21 19 10 20 58 7 42 33 57 2
21 36 20 17 55 37 14 21 20 42 37 45 36 23 20 23 29 35 23 20 3 35 29 20 35 32 34 30 27 20 48
38 36 12 20 61 35 12 35 37 17 42 43 6 4 26 20 17 41 70 20 31 17 10 25 27 20 42 61 38 35 8
20 23 38 23 14 20 32 73 50 28 7 20 73 23 4 23 48 31 20 15 1 30 7 44 20 53 52 58 20 34 16
13 62 44 7 72 50 55 36 20 72 15 47 66 58 16 32 42 24 15 21 15 37 66 28 32 20 12 5 46 30 21
6 17 37 3 42 10 31 42 20 13 35 13 3 64 4 20 65 32 35 58 7 20 3 57 15 19 1 20 15 73 13
65 11 12 13 12 24 29 55 27 6 2 20 56 69 11 23 20 71 47 34 24 20 61 16 44 20 23 38 21 70 13
20 15 7 25 61 6 3 20 19 53 56 7 20 14 50 4 37 4 65 30 2 20 71 58 21 16 40 13 13 5 38
16 39 41 27 20 6 28 10 50 20 37 59 36 20 21 38 11 12 20 13 21 23 27 20 44 55 7 66 20 71 35
31 27 20 23 12 4 11 20 2 32 68 12 12 29 20 21 40 26 38 20 24 27 7 22 35 20 71 25 23 12 20
4 73 12 17 20 19 44 3 3 41 54 59 50 20 71 37 15 30 66 20 55 33 4 55 20 12 50 50 3 40 20
13 61 28 44 26 71 40 5 14 2 36 50 22 50 36 37 55 35 7 26 20 21 71 56 36 36 20 68 24 53 34
20 2 16 55 20 36 13 71 24 65 4 6 10 58 1 20 1 21 8 20 61 57 31 8 41 20 7 7 14 31 17
20 14 14 66 4 55 20 56 32 41 20 52 65 66 40 17 59 24 41 20 47 52 35 2 28 73 28 23 20 32 40
7 37 50 20 74 50 42 44 58 20 29 12 60 20 7 58 21 23 47 20 10 54 30 37 20 55 37 6 20 6 36
26 5 21 36 77 21 41 53 44 3 52 20 40 25 36 50 20 23 32 3 20 27 21 44 16 20 15 8 24 22 32
20 36 11 59 41 61 20 24 28 14 20 4 42 42 50 36 32 20 4 29 23 60 67 72 20 63 4 6 66 58 20
60 67 70 20 8 24 58 18 32 38 57 21 16 38 58 32 44 23 48 28 24 8 40 42 22 49 65 20 35 73 67
27 20 14 35 7 19 41 70 41 28 20 15 50 16 3 22 37 15 39 15 4 20 11 62 6 53 17 14 18 74 41
37 20 71 12 30 55 38 1 42 30 13 35 14 60 54 46 23 2 16 23 12 20 4 40 2 40 20 61 67 8 20
42 29 25 14 20 11 15 38 42 71 20 21 73 12 20 19 50 73 61 6 54 19 65 45 20 7 35 27 14 15 20
57 41 14 66 23 21 20 32 71 61 39 26 27 42 27 50 52 20 13 55 26 15 69 52 30 18 20 21 4 17 41
42 32 40 9 41 1 23 28 3 20 26 9 3 14 20 34 36 1 20 18 26 60 35 2 61 36 20 25 1 30 15
41 58 68 20 27 41 29 50 29 23 10 16 20 7 29 21 28 20 13 26 36 20 5 55 18 37 20 39 18 42 14
38 20 23 9 32 20 13 21 17 4 20 24 36 8 7 29 21 28 61 7 8 6 20 24 57 27 52 14 68 20 59
27 40 32 27 10 47 24 6 3 5 25 4 28 76 20 71 24 10 20 1 7 13 29 57 20 40 57 12 72 63 58
20 23 38 72 36 76 20 54 33 63 3 9 20 41 37 37 32 63 20 27 11 19 20 21 29 47 21 73 20 29 30
43 19 5 20 41 32 23 34 20 32 52 72 3 11 38 25 28 62 31 50 61 28 30 32 30 20 28 25 30 20 18
23 17 20 4 1 61 27 59 20 12 30 4 41 37 20 49 3 35 57 57 52 35 50 20 15 67 29 15 27 30 22
66 15 25 25 32 20 8 12 10 21 13 24 17 13 12 8 44 4 32 7 71 39 31 27 34 29 20 12 55 32 21
7 28 17 15 64 1 25 20 19 11 21 20 42 76 35 31 1 4 20 22 34 38 52 20 57 44 28 16 20 36 22
29 32 20 11 74 13 23 12 47 55 4 20 74 26 52 50 35 40 23 27 50 20 41 27 41 21 29 16 41 38 40
15 42 15 20 40 2 33 20 55 12 4 21 8 19 18 39 11 20 25 47 57 20 44 43 27 42 41 43 20 30 12
29 10 20 50 67 42 13 52 59 18 52 17 20 27 64 1 70 42 20 6 52 31 73 8 20 12 21 7 29 19 12
66 15 28 20 47 35 27 63 58 21 38 37 12 50 44 31 4 27 25 20 29 15 43 36 31 42 42 17 20 13 36
44 38 36 15 15 5 15 20 13 12 8 20 5 6 23 32 17 16 57 24 20 55 61 12 34 66 20 26 14 29 20
30 32 15 7 20 15 36 50 21 20 63 16 11 20 52 35 58 73 12 20 50 6 38 52 3 14 16 26 6 20 22
13 19 43 8 61 20 15 43 18 71 20 69 30 46 39 21 20 4 42 55 20 46 42 68 20 23 18 23 8 4 35
61 3 20 23 57 4 20 30 40 10 20 4 41 14 37 2 21 4 18 20 61 37 43 50 35 20 30 10 38 13 2
20 12 35 5 23 6 62 50 55 4 32 20 31 39 59 20 39 12 3 3 35 15 27 16 44 20 41 7 18 20 55
67 71 3 20 8 40 35 6 32 20 70 16 7 13 20 50 8 55 32 34 20 13 12 71 53 6 20 66 14 28 63
16 23 50 55 55 20 42 39 28 20 28 25 50 29 20 62 71 13 38 20 19 71 35 20 55 63 30 14 29 20 61
58 43 43 30 40 71 41 3 20 48 12 28 71 20 6 16 17 20 41 67 53 32 42 7 61 20 55 23 31 26 20
48 38 14 21 20 71 32 17 38 20 39 21 40 41 20 42 24 26 20 15 36 50 20 71 15 28 20 32 1 21 4
6 55 14 52 23 1 20 34 47 21 20 46 36 46 21 20 50 19 32 50 57 20 41 8 60 24 20 59 14 8 56
4 20 4 58 35 60 24 35 59 41 53 53 5 55 31 35 20 21 45 38 3 14 38 36 42 20 40 35 28 20 16
2 1 29 20 42 7 22 41 20 8 30 47 20 37 12 24 20 18 36 9 14 15 29 2 41 7 20 27 37 2 63
20 4 67 32 54 20 65 27 31 31 25 32 37 5 21 20 34 57 40 30 20 36 32 23 56 20 2 29 38 61 5
20 5 25 59 27 20 31 55 58 52 20 38 17 22 44 36 5 58 28 14 18 20 38 3 63 36 20 21 11 38 60
26 20 3 35 25 59 20 35 19 63 20 1 63 7 31 17 28 15 5 6 24 20 31 40 68 20 23 38 47 50 20
8 35 16 15 20 4 40 57 52 19 38 54 2 20 36 52 17 57 50 20 15 40 21 15 8 20 70 69 55 38 50
32 11 34 70 8 52 38 44 23 58 11 25 71 13 57 27 63 42 51 13 18 5 20 59 59 18 18 42 20 63 17
18 11 28 40 31 6 41 61 26 42 20 6 17 42 7 20 5 21 55 20 7 57 31 9 21 43 32 71 20 59 29
18 55 28 20 74 71 8 6 32 20 69 14 30 8 35 20 13 23 13 63 71 20 19 3 41 24 50 20 41 12 5
7 41 20 1 29 9 22 32 13 11 20 27 50 9 18 47 20 4 18 11 2 7 55 31 20 57 6 57 36 52 20
25 22 71 57 29 20 31 41 40 51 21 20 46 5 27 21 20 6 25 46 3 14 57 59 12 40 66 20 4 16 3
20 71 55 31 20 15 31 40 18 29 20 23 56 66 46 55 20 26 32 65 71 10 20 15 26 26 13 6 20 3 25
27 63 14 20 38 23 24 40 27 21 26 42 20 50 50 50 67 13 18 9 44 20 59 59 32 25 41 20 5 10 23
58 21 5 20 36 5 43 20 31 7 50 32 7 20 29 15 2 20 35 26 11 34 20 6 55 3 19 22 27 15 67
20 36 31 74 65 20 5 23 24 20 40 61 27 20 63 13 27 19 22 20 32 32 69 39 41 3 22 73 6 42 12
27 20 29 23 67 20 54 66 8 1 37 26 25 23 30 57 37 8 36 4 20 71 17 50 19 20 71 21 4 21 63
56 73 38 40 15 7 4 18 44 66 20 25 57 13 20 27 4 21 4 1 25 23 40 20 35 52 55 14 30 14 55
4 20 4 32 38 4 20 27 59 6 41 15 24 3 66 2 68 41 1 20 24 57 17 32 62 11 38 59 41 11 20
4 35 30 35 20 39 28 36 57 41 20 30 9 37 13 3 20 17 42 57 20 5 71 16 20 32 21 13 38 13 35
38 8 3 20 59 45 18 20 5 21 8 20 31 41 36 41 20 14 27 10 20 25 26 44 20 50 27 26 20 57 42
3 20 57 54 26 43 11 56 5 8 26 1 28 6 24 31 20 35 64 32 20 31 63 64 4 55 50 32 25 24 53
20 25 52 65 28 23 20 26 41 12 35 20 31 17 11 3 58 20 41 55 23 20 32 38 32 12 13 35 57 61 20
2 37 40 20 32 71 15 13 20 23 24 74 15 20 21 58 18 25 42 20 21 1 7 39 20 1 29 63 20 22 24
35 12 22 20 36 32 4 42 55 26 36 6 50 64 31 4 20 4 57 13 18 20 46 8 21 20 27 26 7 24 69
65 71 35 20 18 47 69 34 48 32 13 20 58 73 75 26 33 55 23 13 32 7 35 18 4 26 37 10 32 61 58
21 30 20 57 45 26 7 44 17 11 11 11 25 20 15 37 2 18 37 2 7 20 60 66 50 31 1 31 28 53 31
8 1 15 29 20 59 38 24 24 20 23 32 47 44 63 20 3 3 55 43 22 20 30 29 40 73 20 27 60 35 15
3 20 1 6 43 4 20 7 57 12 41 20 39 10 15 29 24 71 39 14 41 2 50 60 13 43 58 17 35 20 75
29 22 3 27 20 40 40 38 20 32 63 55 20 6 57 6 7 62 20 59 36 12 28 4 10 2 20 12 11 25 35
20 50 73 29 20 25 66 55 18 59 20 4 21 62 25 29 20 8 71 30 36 42 41 4 16 21 20 44 21 43 73
28 18 6 39 30 20 18 60 36 17 8 28 30 52 22 35 58 21 61 52 44 20 31 21 4 37 20 18 36 17 73
20 39 26 63 73 73 20 71 53 39 69 20 71 57 26 20 31 23 40 15 68 9 18 40 38 20 47 55 5 20 57
37 7 13 8 20 50 3 50 19 13 34 35 14 50 20 42 13 23 20 42 56 7 6 13 3 47 22 66 12 34 41
20 55 25 29 59 20 6 52 7 21 42 29 23 44 37 20 38 41 11 55 20 23 18 12 36 31 15 11 58 20 50
6 17 19 40 33 10 24 38 36 20 21 10 33 41 20 7 55 39 44 5 20 11 1 12 21 20 63 71 26 4 20
26 3 28 20 24 55 45 17 20 32 37 10 50 20 43 26 32 42 31 27 5 31 58 9 7 50 28 4 2 27 11
20 40 15 14 10 6 20 8 67 31 4 20 10 12 13 24 20 42 35 57 32 16 26 27 20 59 17 42 29 20 5
71 4 53 11 20 55 4 26 37 13 58 8 63 20 24 59 52 4 19 32 30 45 15 71 20 47 16 24 20 11 27
13 8 71 20 7 36 32 20 41 55 32 43 39 58 7 44 47 13 20 60 63 2 71 10 15 4 20 37 6 25 61
30 52 20 19 13 27 4 26 71 32 35 20 44 32 23 20 2 72 24 16 52 20 41 23 48 20 5 14 6 20 42
18 18 71 40 54 36 2 20 56 42 67 20 55 29 10 20 24 23 14 7 20 3 5 23 20 47 73 15 20 1 33
3 6 73 16 61 23 36 57 73 6 23 5 23 19 71 20 6 14 47 20 1 31 15 61 43 53 32 5 20 42 19
30 44 14 20 61 10 22 12 29 20 27 54 31 41 20 6 44 69 36 23 20 25 44 23 55 20 27 18 11 23 20
58 13 35 4 20 26 57 4 29 36 31 42 13 20 35 27 1 44 20 12 31 26 42 61 44 6 6 21 25 4 24
20 6 46 47 68 20 14 44 57 20 11 44 63 20 8 41 18 12 20 5 52 27 20 29 4 60 29 28 16 30 20
31 7 60 27 4 20 32 19 4 23 10 52 11 23 20 8 39 14 29 40 26 36 43 2 20 33 44 14 54 45 20
32 13 50 6 20 14 25 52 56 58 20 69 69 40 37 73 27 37 13 52 12 13 18 20 40 47 38 25 20 32 23
30 20 10 26 32 20 45 27 35 10 58 40 23 44 26 31 6 36 47 20 1 14 15 40 25 6 44 53 20 4 56
4 35 23 20 30 22 70 20 1 17 40 12 20 34 58 15 47 20 12 65 19 53 35 17 51 26 24 29 6 28 4
52 41 1 5 15 15 10 41 30 40 20 57 5 15 52 37 20 73 4 31 65 71 24 5 8 20 57 17 13 69 20
36 37 1 13 39 23 35 9 20 28 14 66 20 24 33 1 4 22 8 20 3 41 15 20 39 55 21 57 20 40 58
10 25 44 20 37 52 61 17 36 19 20 55 36 31 42 8 27 2 37 7 13 20 32 60 40 17 20 58 46 6 23
20 19 40 42 29 6 15 47 4 20 14 65 42 13 20 15 67 14 2 20 63 67 43 29 50 20 9 25 23 21 46
1 32 46 23 58 20 5 7 61 10 8 24 66 4 30 13 37 15 20 28 42 54 39 32 44 1 20 3 46 24 33
29 20 7 27 5 6 20 4 21 16 20 61 4 6 20 46 18 26 20 7 28 61 10 28 20 31 6 50 24 50 16
13 9 11 20 52 32 21 14 20 13 12 17 20 15 32 29 51 20 2 12 4 28 13 20 40 25 55 52 20 12 16
12 35 20 30 2 77 1 6 16 16 37 36 18 8 20 3 29 27 20 55 9 55 36 20 41 23 23 35 3 20 72
15 34 25 32 41 34 6 34 28 63 17 20 23 14 33 40 20 37 29 21 1 7 17 42 27 61 1 20 12 25 7
20 27 36 50 37 8 20 15 4 36 20 36 15 31 23 27 20 36 55 23 23 44 20 35 3 40 20 15 35 14 50
20 31 71 52 17 18 37 23 69 43 31 20 65 23 18 20 23 32 21 37 2 20 47 70 28 31 37 20 50 41 26
20 57 43 67 20 16 56 5 28 43 20 12 27 23 55 63 39 6 30 47 20 37 39 61 26 15 20 26 55 8 40
57 20 67 30 50 69 31 58 17 20 23 56 15 20 22 37 57 20 15 8 16 38 16 14 6 20 67 5 35 21 18
20 32 12 5 20 56 24 58 62 60 20 8 7 18 30 39 28 20 42 21 44 38 44 20 61 13 46 59 37 7 70
20 40 27 32 20 13 55 46 20 23 19 56 54 8 20 26 21 11 37 32 11 74 25 61 40 71 20 1 21 29 4
20 60 13 29 27 41 58 72 16 20 28 10 17 63 20 35 36 25 73 18 73 3 42 63 41 46 35 14 21 20 74
30 31 20 24 70 8 21 20 38 31 18 67 18 52 35 61 15 26 24 42 28 10 33 7 26 17 40 3 6 5 44
28 60 25 20 18 7 36 58 37 39 40 20 55 15 13 20 47 44 43 32 13 20 15 7 50 20 17 54 71 14 29
20 54 5 36 25 20 65 71 26 23 36 60 28 2 1 8 42 63 16 37 20 11 55 60 20 60 8 32 61 39 20
8 14 27 47 20 63 15 6 44 20 37 7 16 20 36 6 3 26 20 14 43 2 58 20 4 11 32 38 37 16 28
27 11 64 71 49 58 37 41 5 20 39 27 24 59 29 52 20 57 53 36 39 20 11 27 11 29 6 20 32 35 50
20 3 8 63 20 35 70 24 36 59 20 29 43 6 20 24 26 54 29 20 38 33 4 52 51 6 44 33 41 20 7
56 1 39 20 36 1 26 52 20 14 30 46 20 36 23 42 36 55 29 14 42 21 20 30 56 40 20 42 23 42 20
32 42 29 19 20 1 7 22 19 20 37 55 21 32 41 23 37 20 24 30 62 7 20 5 73 29 36 66 20 57 2
18 31 50 20 55 23 15 3 20 24 26 6 20 29 38 67 71 21 47 6 15 50 20 17 23 17 15 28 25 50 6
67 3 20 12 57 17 20 23 25 8 20 15 50 10 29 33 20 8 30 42 28 12 20 40 73 73 42 36 20 30 44
31 39 28 27 27 16 43 20 46 8 15 20 40 8 3 42 20 26 61 31 35 34 20 32 60 52 41 30 20 24 25
70 5 20 71 10 4 25 20 21 29 3 13 17 20 27 60 50 3 15 33 40 20 23 37 71 66 20 8 50 61 39
71 57 20 28 38 42 55 71 27 3 37 40 31 47 12 20 21 38 8 44 10 40 37 38 13 20 18 50 40 14 45
20 57 13 18 23 55 20 35 35 15 16 44 44 36 21 17 20 44 17 58 4 20 35 10 5 20 18 71 39 6 52
20 1 1 58 49 20 26 17 26 6 26 20 6 4 13 22 6 52 46 41 20 38 40 27 36 20 15 40 29 20 71
27 11 29 20 32 58 5 17 8 20 46 44 40 20 35 36 7 11 6 37 4 20 60 17 36 14 68 20 8 26 42
37 20 70 24 12 50 61 44 12 29 8 27 23 1 32 5 5 63 40 55 20 4 23 35 52 7 20 42 3 74 36
12 17 38 61 25 39 20 29 29 2 2 20 40 7 17 40 28 37 57 15 20 54 27 28 71 31 6 59 53 42 73
47 44 20 31 29 50 21 20 62 12 35 27 71 20 73 57 41 24 68 69 16 18 20 70 24 41 32 36 20 21 71
15 71 20 25 12 29 55 30 2 18 20 63 24 2 18 6 57 36 12 20 37 2 35 33 20 32 24 17 17 34 28
24 20 21 4 55 20 15 57 47 73 20 23 18 54 20 16 42 9 3 1 50 7 55 13 14 20 23 29 25 20 29
73 67 35 73 20 30 7 23 58 38 25 50 31 50 20 12 44 34 57 20 19 64 5 11 28 20 11 61 3 38 2
11 59 13 23 23 52 46 17 15 58 30 24 69 6 3 59 28 15 58 39 64 65 20 42 4 47 20 12 14 27 30
6 20 8 28 5 15 47 20 19 32 44 37 11 20 15 38 71 23 20 73 23 50 32 23 38 23 8 59 3 20 50
57 54 20 9 67 73 13 19 20 32 28 27 23 20 6 66 23 29 20 35 17 66 14 20 15 16 14 21 21 1 23
73 27 66 20 16 1 2 52 40 36 46 66 16 38 20 52 23 6 8 20 15 40 30 58 55 20 23 72 35 20 7
64 36 36 42 20 44 14 17 7 44 20 30 73 23 26 32 20 15 14 24 33 20 25 13 12 13 31 8 1 25 24
76 53 20 7 32 12 20 7 55 32 20 3 31 34 18 20 64 59 26 52 7 20 4 35 8 15 26 24 63 29 20
15 27 8 15 20 48 39 27 57 36 24 7 5 20 66 65 19 36 15 20 6 58 69 24 20 55 42 55 25 20 71
37 67 48 73 18 28 54 4 16 42 6 20 44 29 65 29 23 2 2 4 55 20 63 69 32 20 69 13 32 50 20
12 24 52 20 71 37 1 29 29 68 27 5 56 44 20 32 61 44 14 12 25 16 24 20 63 30 31 29 67 58 31
4 20 42 31 8 20 65 6 34 21 18 4 24 20 18 29 46 20 9 6 2 29 4 20 16 32 55 55 35 20 17
32 40 32 3 22 10 28 17 67 20 43 21 69 12 20 11 30 41 42 52 20 8 4 34 1 52 41 46 36 23 13
15 59 57 20 71 19 54 20 59 7 27 61 8 20 26 53 2 10 45 20 57 25 6 20 1 1 52 29 6 3 53
58 24 63 2 20 10 59 50 20 1 38 14 11 7 47 70 74 63 12 47 20 53 71 7 33 20 8 67 67 20 38
44 18 20 38 41 31 7 20 2 36 7 13 20 24 43 59 67 20 1 65 7 25 39 14 36 20 24 29 12 2 12
19 57 32 20 61 18 27 21 20 2 36 30 23 20 17 29 50 30 20 32 77 38 8 20 11 3 19 20 2 55 19
24 12 20 38 17 7 11 20 40 8 15 15 27 18 17 21 20 21 47 42 31 34 20 4 63 23 31 20 62 68 71
17 55 46 3 42 5 71 59 13 1 14 20 44 18 67 31 45 17 1 35 8 20 4 50 23 39 70 26 40 20 40
4 42 71 68 8 24 41 20 5 73 55 48 41 20 28 29 57 44 20 32 8 16 20 25 13 52 20 64 34 62 50
20 31 21 39 41 32 20 12 5 38 61 20 14 41 33 35 13 57 41 50 20 42 43 39 20 37 47 31 20 6 27
16 20 35 8 7 20 39 1 31 55 6 20 24 15 41 20 27 36 3 28 20 35 17 41 13 40 17 8 27 33 20
44 31 57 14 13 31 42 23 20 52 6 36 20 55 38 55 20 37 18 52 8 15 20 45 47 62 39 32 20 7 4
42 65 26 15 10 15 20 57 70 55 18 12 20 43 67 55 28 23 2 18 52 14 20 8 14 40 58 20 23 3 6
20 36 6 13 55 29 44 27 60 23 20 60 36 13 20 37 54 42 20 63 1 15 20 10 68 55 32 73 20 76 46
23 31 15 17 25 52 18 37 20 12 3 47 20 18 5 41 9 34 20 26 14 65 20 36 58 12 47 42 14 23 71
45 16 21 42 20 2 37 13 20 46 9 71 40 20 7 17 15 69 3 30 4 11 12 19 20 1 46 16 20 7 5
32 30 65 20 59 28 36 43 44 20 23 5 26 46 23 20 3 36 59 41 57 12 58 41 20 31 13 70 74 20 65
64 64 20 29 50 61 20 8 11 23 32 2 73 58 67 35 4 37 41 21 32 68 4 63 55 18 20 42 27 43 25
45 13 50 48 14 53 35 20 7 14 24 58 39 7 17 21 42 24 7 20 40 32 6 59 4 20 10 55 58 73 23
14 52 29 20 42 13 13 12 25 20 32 4 71 44 7 20 53 38 26 20 24 11 24 28 52 20 44 28 27 18 70
36 5 20 71 31 17 7 24 20 2 15 21 71 20 21 3 55 8 20 26 42 42 56 54 20 26 21 26 5 4 20
70 30 36 20 25 61 1 29 50 61 53 12 14 41 20 55 9 7 50 20 71 4 35 71 27 52 61 23 31 20 14
39 31 71 8 14 2 39 44 10 33 42 20 31 37 38 20 59 15 6 42 13 20 41 29 39 16 20 17 38 36 29
20 3 44 73 40 41 32 37 28 33 42 41 23 4 53 37 16 67 55 40 24 68 43 32 3 4 62 6 19 3 20
7 36 9 41 3 20 7 17 2 65 20 33 37 50 23 28 20 40 38 37 53 25 20 21 35 11 12 27 13 29 26
27 67 37 71 31 20 56 40 59 7 12 67 55 14 37 20 32 8 14 20 27 24 53 42 37 20 34 32 24 27 21
28 16 36 52 40 12 45 20 60 17 7 40 20 41 68 28 50 28 20 24 50 19 70 24 21 46 61 54 7 20 30
42 6 28 66 31 19 36 20 61 61 71 20 27 70 12 11 12 20 36 4 46 20 13 12 4 20 52 44 21 24 27
3 6 20 37 73 18 21 6 35 24 15 58 20 66 49 34 15 20 5 40 5 1 4 20 4 21 46 27 20 21 14
4 30 20 25 35 31 65 42 24 46 6 32 1 15 5 12 4 20 58 6 71 41 49 20 34 26 36 39 42 29 19
8 27 66 20 21 2 74 66 2 24 43 29 24 33 3 27 58 23 31 58 20 35 30 40 6 20 2 6 29 50 3
31 61 23 45 52 25 57 37 20 5 6 44 16 39 20 57 4 32 20 14 11 27 20 40 39 7 6 22 49 29 7
23 20 17 15 57 11 38 60 17 66 2 20 34 32 13 20 68 51 44 61 20 68 57 32 39 20 25 25 50 8 20
41 12 35 4 43 55 40 14 31 44 20 47 17 12 15 39 20 15 17 24 20 8 59 40 63 62 50 17 24 20 14
47 3 36 64 31 29 6 66 57 31 40 58 51 37 21 43 67 50 21 20 23 58 10 23 20 57 13 70 38 20 10
4 15 14 4 11 43 5 62 7 52 12 55 45 20 3 32 15 20 29 19 34 21 58 40 6 50 15 52 17 41 26
55 17 50 25 35 22 4 20 42 36 12 20 10 63 66 55 60 21 23 20 33 61 4 20 71 21 60 14 8 30 71
21 20 7 26 23 61 16 55 63 62 36 24 27 20 2 27 13 7 32 36 15 6 11 32 63 37 26 20 36 7 41
2 47 20 55 46 29 8 13 20 28 39 28 20 66 15 5 38 20 18 25 15 20 3 53 23 30 70 20 25 32 16
13 54 74 32 71 42 61 7 39 20 29 12 52 8 53 20 51 40 31 12 20 18 52 59 23 20 3 37 39 7 17
15 42 26 21 43 20 55 46 29 27 14 65 73 57 16 2 59 28 7 25 17 31 6 43 20 71 23 16 37 8 15
36 32 20 67 50 29 14 23 70 32 5 50 27 14 50 20 41 27 42 44 47 10 41 57 20 42 71 48 20 24 36
14 42 65 36 24 19 24 27 13 3 20 73 32 29 17 18 53 19 71 38 31 20 1 70 21 4 62 20 1 21 19
20 29 31 57 20 19 36 4 36 12 35 20 36 2 60 18 54 8 55 13 14 13 31 14 23 21 7 23 23 31 28
62 29 3 37 16 16 63 20 27 62 42 4 30 52 21 61 46 20 21 4 30 55 38 20 23 40 42 20 31 46 32
64 5 28 42 13 20 32 37 15 32 6 44 7 20 48 1 1 20 12 65 46 39 35 20 7 47 63 55 37 20 61
29 8 21 43 20 41 3 27 73 20 37 13 57 38 3 3 7 65 23 20 18 57 24 11 71 5 31 1 11 20 6
71 17 28 7 20 42 37 73 37 20 5 28 38 43 31 13 36 10 61 37 47 20 60 8 12 71 36 20 36 69 39
20 4 3 31 40 53 59 15 71 30 17 52 20 57 7 32 58 50 13 27 10 21 69 20 9 23 16 20 36 32 7
15 21 61 30 58 20 4 36 31 37 4 20 57 16 8 36 8 38 21 20 40 23 26 20 14 16 24 29 3 20 32
42 63 23 20 26 1 17 22 20 28 16 41 18 63 20 62 41 32 15 39 20 40 13 5 27 36 20 22 36 41 23
8 15 29 62 13 9 60 23 2 20 60 16 1 20 39 33 1 8 30 6 34 20 27 29 25 20 67 2 1 25 21
20 53 28 11 13 18 20 11 1 37 57 5 32 8 13 32 23 20 30 70 7 65 41 26 5 44 20 18 7 18 19
43 20 42 6 60 7 6 20 19 19 42 24 8 20 17 8 15 23 22 15 20 58 6 54 38 36 20 36 71 27 25
20 47 31 24 12 12 55 32 36 20 56 37 74 73 13 5 20 57 25 71 46 35 40 32 20 52 38 1 71 37 57
45 4 40 21 20 52 37 34 31 20 25 3 42 61 41 42 37 24 20 52 13 57 32 30 25 15 26 7 20 2 37
11 69 1 20 39 16 36 21 50 20 28 17 32 17 20 40 21 3 37 60 38 63 7 71 44 16 20 23 24 66 20
68 11 70 44 16 20 63 60 45 7 1 30 57 20 21 50 15 57 20 7 10 14 29 36 43 39 6 65 50 68 15
14 20 40 70 36 20 43 37 18 20 29 29 2 16 27 7 38 50 13 65 7 5 52 16 59 12 20 71 30 15 58
36 20 4 52 41 24 13 20 2 41 18 59 56 41 16 1 20 27 11 30 11 6 20 41 52 26 16 20 16 37 66
9 20 14 71 57 7 20 29 13 40 20 27 58 35 20 23 56 25 70 68 45 32 20 53 3 26 20 50 17 63 14
11 20 28 41 8 34 11 8 13 42 20 24 13 35 21 20 37 13 5 20 34 14 37 58 20 35 17 57 31 18 45
64 26 4 60 71 20 26 25 44 4 20 5 3 32 20 14 7 36 28 20 44 59 12 64 20 32 46 13 13 28 20
66 17 19 20 59 15 36 36 72 42 26 63 20 7 14 13 24 38 25 2 3 44 41 11 41 20 12 10 56 25 41
20 7 8 28 3 73 18 24 21 20 5 30 70 25 37 57 42 30 71 20 6 37 73 15 36 20 50 7 48 43 23
14 9 15 2 20 44 28 12 17 24 14 20 40 49 3 58 20 71 40 15 67 32 56 71 37 12 44 31 20 52 17
8 42 20 43 61 2 19 20 5 10 6 37 21 20 15 14 65 32 39 29 42 71 44 3 27 32 29 28 20 8 73
71 7 50 65 73 14 20 42 40 26 25 32 25 14 11 71 40 27 52 26 15 50 5 4 28 20 15 67 7 26 16
20 29 74 17 20 55 52 37 13 35 7 32 10 15 21 4 8 37 62 71 47 20 37 8 37 57 20 41 24 21 28
1 20 25 24 54 20 37 3 11 20 36 12 13 20 6 33 23 17 59 29 4 36 12 7 53 20 48 61 21 17 6
52 76 57 71 35 20 3 8 18 24 20 35 14 9 23 20 73 42 13 21 32 28 34 9 20 25 33 16 20 1 37
41 20 47 31 1 20 35 4 2 19 20 29 21 53 20 3 5 3 20 47 16 47 8 30 20 32 9 29 1 12 55
31 21 20 59 3 36 29 20 26 36 14 20 71 47 4 20 41 31 7 20 38 26 24 37 20 7 5 35 39 6 24
24 59 6 9 7 44 20 35 67 12 52 16 55 31 24 40 57 17 11 67 28 8 61 47 43 19 13 71 20 2 26
44 20 8 17 26 6 10 20 32 73 48 60 20 5 61 44 56 15 51 35 14 23 8 26 29 5 20 3 58 3 8
20 21 37 30 20 29 13 39 66 20 23 54 7 20 36 26 26 29 40 20 52 35 3 63 20 28 52 27 27 4 37
42 44 20 5 63 26 32 4 20 66 25 53 1 4 20 18 42 36 4 20 73 35 22 15 20 15 41 39 42 47 20
46 27 56 52 20 70 40 21 13 17 20 44 15 27 71 37 45 67 7 3 17 20 28 40 52 25 15 39 44 57 20
35 61 44 20 26 21 35 50 52 26 20 7 57 26 17 20 8 1 6 20 2 35 44 20 50 31 26 20 17 74 61
2 73 20 42 9 65 58 73 20 38 15 32 14 38 60 19 16 36 7 40 30 24 29 47 20 52 23 37 57 41 18
20 50 28 18 20 41 29 58 61 40 20 18 56 28 41 20 32 40 12 15 20 10 63 26 20 43 12 15 24 20 21
55 11 15 15 36 12 37 23 20 33 24 35 9 37 20 45 52 40 3 6 35 55 20 59 19 70 8 20 37 38 30
20 19 62 42 21 20 36 76 74 17 32 67 7 37 12 67 30 24 4 26 20 29 16 37 15 6 32 72 20 24 6
54 37 20 50 21 28 43 42 32 5 20 57 37 59 42 24 14 65 8 60 21 44 20 36 42 12 2 17 20 65 38
50 20 32 24 59 20 4 31 10 1 20 18 12 21 20 19 18 62 34 23 20 31 16 52 20 36 7 15 4 23 32
39 13 20 5 3 40 20 19 48 56 42 41 7 36 44 12 6 28 24 45 44 32 20 23 13 38 32 36 4 30 6
39 38 6 50 24 20 4 67 41 40 12 32 55 54 7 70 73 58 20 36 40 18 20 26 8 38 20 43 67 6 15
20 31 29 13 66 2 20 35 36 41 40 66 20 16 19 21 17 29 17 28 1 20 37 17 70 32 50 20 38 32 24
20 15 18 10 20 35 3 72 21 28 20 3 23 15 39 20 73 13 60 7 20 55 35 31 66 20 40 55 32 61 29
32 15 23 32 20 23 9 15 32 14 35 2 31 20 45 42 27 41 20 23 26 14 65 55 20 1 29 74 20 31 36
42 6 13 12 29 43 20 36 36 50 13 46 58 15 38 28 24 18 33 20 15 25 35 58 20 44 58 22 55 32 20
3 17 23 24 15 20 13 36 53 38 67 20 38 28 34 65 23 20 4 28 37 25 32 20 48 15 40 17 73 47 24
52 29 68 17 16 4 20 11 21 7 27 20 18 5 55 27 3 34 33 20 56 21 52 20 21 39 27 44 20 50 1
73 31 20 58 55 39 6 52 19 14 11 1 20 24 5 1 7 6 20 42 7 16 37 14 21 61 23 40 6 20 30
7 71 39 20 72 37 57 20 11 38 4 18 16 39 20 67 32 11 37 20 13 71 36 15 20 14 28 31 16 21 8
4 29 38 34 7 8 60 31 71 50 8 37 3 31 20 32 43 48 19 20 58 65 37 20 36 6 1 35 47 36 30
65 57 6 36 38 17 12 73 41 36 14 20 6 42 50 23 47 76 65 3 4 20 29 40 13 8 37 26 52 4 6
20 44 29 23 20 40 27 59 35 6 19 17 25 35 15 40 20 29 35 13 8 43 20 6 67 26 13 47 47 36 54
21 21 15 32 46 8 20 28 47 36 31 4 15 55 12 59 43 11 3 65 17 20 66 42 17 20 8 41 60 74 20
37 30 35 27 20 64 6 1 73 67 41 46 50 20 41 13 13 56 16 42 21 20 25 69 29 42 39 20 3 4 46
62 29 73 23 25 37 52 29 32 10 20 50 23 70 12 31 29 36 7 42 57 16 20 12 32 19 20 74 36 38 20
42 28 71 6 20 4 65 70 20 39 61 62 16 32 61 8 14 6 23 67 46 55 66 13 12 13 4 35 20 29 41
62 20 25 6 43 13 20 36 39 2 41 63 44 63 35 18 21 20 13 30 39 14 20 34 19 2 14 21 14 50 32
16 3 31 18 20 41 23 18 23 17 8 18 40 13 4 46 25 20 37 34 38 15 22 7 23 44 39 61 7 11 20
54 36 36 36 16 20 11 27 40 21 20 38 8 17 73 12 55 18 24 65 13 50 50 23 55 71 48 18 20 47 43
34 21 26 17 27 20 1 62 2 2 20 55 40 35 12 42 20 41 2 58 26 36 50 57 43 24 41 29 8 20 33
6 8 33 16 20 74 15 30 2 20 57 25 39 31 29 20 58 13 21 42 27 20 58 6 23 73 6 25 3 12 72
20 68 39 8 18 74 20 2 42 11 18 42 7 12 20 30 24 36 44 50 20 23 6 25 12 30 34 50 55 52 3
43 36 45 55 20 27 35 57 42 7 7 8 71 20 2 53 44 10 25 19 3 20 6 8 28 52 26 12 42 68 59
21 2 20 42 37 28 20 10 44 61 6 20 26 28 31 32 32 20 6 40 41 70 1 20 19 7 38 46 20 7 44
50 20 55 25 8 42 5 67 43 39 30 60 50 69 72 11 20 6 38 70 20 17 4 28 8 27 20 9 14 25 26
20 7 23 37 5 20 25 26 74 23 18 20 25 32 66 15 5 45 29 4 12 20 23 36 42 37 20 36 28 30 7
44 20 44 45 23 32 2 20 29 22 23 29 36 20 28 41 54 30 60 31 1 35 69 39 20 65 17 4 13 20 38
53 46 20 71 12 23 20 28 15 71 25 10 20 13 34 16 20 13 38 35 15 5 20 13 29 71 3 35 4 17 36
70 53 50 20 5 30 8 25 17 47 37 8 47 20 29 37 28 8 9 35 23 6 44 38 1 58 23 66 30 33 23
17 20 21 42 55 23 4 18 23 71 11 25 17 13 18 20 50 25 28 10 20 3 28 60 71 20 1 28 57 8 20
4 34 27 57 39 13 20 31 11 4 16 13 20 44 67 10 63 5 20 27 57 6 20 3 8 44 20 21 42 13 5
15 67 57 60 3 20 55 42 61 21 31 50 47 20 17 30 55 7 53 30 8 67 42 19 33 57 21 20 70 53 10
73 20 56 34 38 61 33 23 70 20 21 63 29 57 20 17 63 16 20 11 55 70 27 7 20 21 33 13 57 4 33
6 14 53 20 37 18 61 20 71 3 15 23 20 15 73 1 13 28 20 44 7 24 52 21 46 76 63 17 17 20 28
24 16 35 20 23 15 7 21 20 31 55 36 20 36 39 11 36 24 50 50 20 36 41 3 30 6 20 39 41 62 20
22 2 31 3 56 20 22 73 50 20 60 4 71 25 20 3 27 21 20 29 13 22 52 16 71 35 37 20 17 11 28
50 20 14 57 18 20 42 37 15 20 42 51 70 65 31 8 20 5 40 45 40 20 54 71 6 10 36 1 71 1 28
5 4 17 16 59 20 59 41 73 32 20 15 30 18 20 67 50 25 13 20 33 23 28 20 43 8 46 15 18 21 28
20 71 40 26 43 25 64 40 15 5 16 35 37 20 17 11 28 37 63 20 41 41 11 16 56 73 12 20 46 29 66
57 39 20 42 62 31 31 72 20 1 31 17 20 14 37 37 57 17 20 7 61 16 29 37 20 38 50 63 20 1 13
22 69 17 32 66 31 16 4 29 62 1 36 20 11 21 40 14 21 24 13 37 20 21 16 2 16 53 21 63 20 70
61 36 20 52 14 8 55 20 31 43 3 20 43 41 4 56 41 1 47 53 8 71 13 20 44 53 65 67 73 21 21
28 14 20 42 16 24 64 20 28 47 27 16 21 25 18 52 1 20 31 3 29 13 47 20 4 17 6 20 23 4 36
13 6 20 42 17 42 67 30 31 32 20 73 16 29 35 59 20 2 13 8 73 20 71 47 39 8 14 20 58 1 4
20 43 2 42 20 39 60 17 20 13 55 14 1 7 20 1 37 48 40 66 23 7 46 29 23 54 2 4 24 67 52
20 58 41 18 22 20 40 44 50 18 20 21 52 39 3 35 20 24 36 56 20 34 31 6 15 31 53 31 19 17 20
21 6 6 4 20 7 26 18 41 42 35 24 52 6 37 38 52 20 44 41 66 12 20 40 38 38 20 29 28 32 3
66 20 52 10 26 38 20 35 57 13 20 17 52 11 73 59 40 31 31 8 19 20 30 36 19 45 12 20 61 15 7
42 3 20 23 27 7 20 37 44 37 58 37 20 5 23 37 7 20 55 25 15 4 29 10 32 37 7 12 15 61 4
20 3 65 36 3 43 20 8 38 64 20 25 13 32 42 20 28 50 29 4 57 57 9 24 38 38 34 2 18 23 39
37 1 39 21 29 3 58 50 17 15 71 62 20 59 56 18 35 44 58 24 10 19 47 70 20 24 21 14 44 38 29
18 23 11 8 54 36 28 20 5 19 28 20 73 12 37 20 50 51 21 20 29 21 4 20 38 27 5 17 61 20 15
26 58 20 24 54 57 6 13 39 20 58 22 18 20 38 38 15 5 26 40 20 24 45 25 32 20 73 3 3 20 40
71 57 42 45 35 25 12 63 7 20 17 66 65 35 20 46 3 40 20 57 28 52 23 7 28 19 36 6 20 36 58
44 20 17 43 5 51 20 1 50 3 20 29 46 55 20 55 21 40 63 2 14 23 32 20 65 2 53 20 71 72 37
20 57 51 46 29 20 44 44 47 35 20 6 10 15 36 48 42 2 23 26 68 4 29 6 3 20 6 39 37 21 20
23 42 35 47 39 20 42 6 32 20 65 42 71 36 7 20 58 12 61 35 13 20 2 47 57 50 20 18 42 37 20
50 69 38 29 17 30 36 29 35 20 50 39 68 44 48 20 25 1 73 50 67 65 32 17 35 27 4 12 20 34 58
16 20 14 25 69 37 26 20 73 31 37 20 57 44 52 20 28 24 59 26 5 20 36 57 16 35 20 1 14 10 20
59 29 17 7 40 7 32 55 35 8 34 36 6 3 20 10 4 71 20 47 7 4 19 17 20 60 26 29 20 30 21
29 8 35 7 6 29 20 42 59 3 47 15 23 39 47 13 20 58 27 73 74 27 32 1 29 20 7 30 2 1 20
40 73 21 4 13 20 14 37 8 8 62 35 63 20 25 35 65 23 2 7 14 5 12 7 64 20 34 18 1 57 15
31 36 23 20 21 67 3 13 32 20 11 67 35 20 41 27 29 68 21 20 29 47 17 6 9 20 23 60 4 71 20
24 31 65 67 35 20 67 59 12 46 46 22 33 12 11 20 23 36 2 21 20 1 70 34 21 65 20 16 62 31 10
56 20 23 56 25 20 29 40 1 40 65 20 16 36 73 25 4 20 21 30 31 29 26 41 4 38 20 15 41 57 20
5 17 73 17 6 1 24 25 35 41 20 66 1 29 69 20 7 8 3 38 56 13 63 12 20 2 17 19 18 20 2
8 66 34 20 39 40 39 23 43 20 56 37 60 50 6 2 38 8 58 20 35 27 12 20 21 6 17 41 20 74 61
3 25 26 21 24 35 5 25 59 31 39 20 65 39 21 24 20 16 50 56 24 38 20 74 32 2 20 38 18 7 17
20 10 37 65 26 20 47 13 57 20 60 21 40 49 20 15 15 16 10 38 7 36 9 24 20 8 18 55 20 4 6
29 43 4 20 54 24 2 58 37 2 6 50 42 30 20 29 18 5 20 30 57 13 1 20 31 22 32 31 30 20 37
23 42 20 45 23 73 61 20 8 55 55 40 20 63 1 43 20 32 67 4 12 24 17 63 20 12 37 43 14 20 2
23 46 18 20 38 21 46 50 20 54 28 68 16 44 20 37 37 65 38 12 10 2 50 24 20 29 3 61 66 55 20
32 42 1 50 40 13 52 12 47 16 27 1 20 40 70 67 46 73 2 70 66 20 41 21 44 20 30 39 61 32 47
20 14 17 8 59 19 41 65 13 20 25 41 50 20 71 66 61 11 19 20 15 8 18 61 61 20 33 37 47 16 20
23 33 13 20 5 5 1 23 35 20 4 3 24 6 20 24 36 8 8 59 23 20 23 21 46 61 31 20 4 23 21
20 35 13 59 68 47 24 16 37 44 5 56 44 37 43 20 29 8 73 20 67 29 11 68 20 42 41 19 4 44 26
61 36 7 3 65 29 39 20 28 15 29 32 33 3 4 3 4 25 20 17 4 21 20 4 9 31 30 6 11 20 13
13 15 29 47 47 20 27 35 29 14 56 62 71 10 12 20 13 36 31 4 32 20 44 52 50 61 57 20 74 59 37
15 14 20 6 28 6 20 3 5 18 20 54 13 32 32 20 15 16 22 14 52 1 32 63 57 20 15 4 4 41 20
14 57 7 52 45 70 32 57 28 21 17 50 59 1 5 24 37 20 43 29 23 29 14 20 36 11 22 41 20 41 44
25 18 25 20 29 51 67 61 23 66 7 20 67 38 22 27 17 30 37 25 32 14 38 11 29 20 58 26 24 20 18
38 27 13 35 20 25 17 46 20 58 21 40 20 30 7 40 14 6 20 40 13 29 29 40 38 53 71 29 23 20 24
36 29 58 47 20 36 37 29 20 3 55 2 24 20 11 41 36 46 25 20 36 73 24 71 6 20 11 36 12 29 32
42 12 71 42 50 20 71 15 47 20 54 37 30 20 13 23 46 20 29 8 17 61 24 43 14 36 40 24 20 4 31
31 74 36 20 21 18 55 48 31 16 3 15 8 4 15 4 67 20 21 59 73 15 17 20 60 3 7 8 17 20 10
39 12 37 40 38 28 20 44 14 7 20 1 36 29 2 13 20 23 1 8 56 13 20 3 63 41 53 55 29 11 20
65 61 13 40 6 23 47 20 6 41 23 20 71 53 2 7 20 50 41 3 20 4 43 6 55 28 20 21 8 64 33
17 35 14 20 23 42 45 20 17 32 35 44 20 43 7 37 58 38 20 15 35 7 7 29 20 26 17 15 20 63 29
30 50 17 6 3 38 44 53 29 7 20 71 28 39 7 11 40 32 53 32 25 5 20 16 43 12 7 4 55 63 13
20 67 19 23 46 15 5 37 12 54 40 20 7 2 23 2 31 52 41 10 20 41 7 38 63 20 69 40 4 35 42
13 37 20 10 28 31 2 20 69 32 59 20 16 9 42 48 20 6 7 11 53 21 1 16 23 55 11 3 41 14 5
35 8 40 36 4 23 35 21 33 23 15 55 32 16 29 20 50 57 73 24 20 23 56 40 15 19 29 26 52 34 20
36 29 36 25 19 71 28 29 42 63 22 31 46 47 20 4 36 8 1 26 20 5 15 40 13 24 6 61 21 7 20
35 76 29 11 20 2 18 15 44 36 20 61 29 2 1 20 1 23 67 40 61 1 20 19 31 4 11 24 20 70 47
5 20 29 24 22 20 55 50 7 36 26 20 5 12 39 2 14 20 37 37 23 42 57 24 15 29 20 29 5 12 1
24 20 13 55 28 21 50 20 12 29 43 20 24 71 23 53 69 32 32 46 15 20 48 13 33 71 20 2 26 30 26
20 45 43 19 2 5 20 37 67 15 21 4 13 6 24 20 37 56 13 39 71 20 6 12 40 20 28 39 37 55 20
56 61 34 6 6 26 57 71 65 7 42 31 21 41 20 30 69 67 13 50 62 20 27 6 12 32 3 20 6 71 2
20 12 9 8 1 71 16 23 15 20 8 4 31 20 47 42 40 20 8 39 66 4 20 6 21 36 28 20 63 71 4
16 32 20 39 71 23 20 27 50 28 23 20 38 23 53 14 71 59 42 62 20 5 19 56 20 25 15 24 17 40 20
22 50 61 17 29 1 39 21 35 20 37 70 42 27 33 4 53 60 52 20 71 31 13 8 20 37 6 25 66 25 20
37 23 55 39 52 20 48 47 22 36 67 11 29 20 29 60 56 6 50 8 20 15 22 27 25 21 20 32 19 17 27
40 20 6 52 60 65 17 20 32 23 42 12 40 20 5 17 33 61 30 38 43 20 18 13 35 55 20 23 41 70 20
54 40 8 20 47 36 24 18 76 18 25 20 7 3 11 12 32 20 30 16 13 20 25 8 39 13 37 20 13 39 60
20 10 36 18 20 28 41 46 32 71 20 41 40 47 46 20 25 18 13 33 57 24 50 20 17 19 12 23 20 2 42
53 53 20 40 7 26 20 10 50 57 27 41 15 25 39 68 39 20 35 12 17 20 7 61 32 17 20 21 59 57 55
50 20 38 1 30 4 35 33 74 25 12 20 27 7 26 40 20 41 31 17 27 20 44 11 12 36 20 55 44 15 10
32 48 20 37 30 36 20 11 47 31 22 4 20 50 11 17 35 31 20 15 62 25 34 39 41 15 20 67 4 32 20
36 8 32 21 8 48 5 40 37 13 16 27 54 19 63 55 10 26 7 38 36 20 6 15 60 41 12 20 18 40 71
41 20 7 8 65 18 27 20 15 53 7 41 37 15 15 56 20 72 21 9 20 12 65 25 24 42 28 6 40 38 6
76 65 28 20 35 35 14 40 65 68 28 55 41 57 23 14 20 29 11 63 48 61 20 41 17 15 28 29 59 42 41
43 31 55 13 46 25 20 21 58 12 68 20 40 45 36 29 37 20 42 27 56 20 6 27 4 23 42 38 1 4 20
61 24 41 57 32 36 71 5 14 47 12 13 33 39 46 37 20 7 21 55 29 47 29 6 44 51 31 40 31 47 34
50 20 28 73 25 23 72 20 39 38 37 20 57 13 17 58 35 20 41 43 35 54 6 20 34 30 7 71 6 36 6
74 25 4 60 8 35 31 5 15 20 5 57 21 21 50 7 23 11 37 1 63 5 22 20 41 37 4 13 20 55 23
40 6 20 59 53 43 20 11 13 63 34 13 20 57 57 26 20 32 11 4 44 20 28 46 40 28 3 12 28 35 22
2 58 20 68 3 63 21 36 20 32 1 42 20 7 18 50 11 20 52 23 17 7 11 32 17 31 16 70 36 8 20
73 8 40 36 20 47 28 52 73 20 29 44 8 20 40 26 29 7 20 35 65 45 46 20 61 14 2 20 28 21 69
8 17 18 23 20 44 61 58 39 20 11 40 32 42 50 36 24 43 20 53 31 42 20 29 62 10 15 4 3 47 12
3 21 20 34 27 55 28 55 20 67 76 47 20 17 3 32 20 32 6 51 20 35 71 57 41 10 20 10 47 1 8
20 10 35 32 30 20 35 12 50 15 4 46 69 33 20 42 4 25 42 20 54 24 6 20 23 37 26 20 11 25 75
59 53 20 4 13 8 22 23 7 50 71 2 40 33 17 2 20 55 39 44 28 4 71 15 43 47 45 32 8 21 31
60 50 12 14 26 20 42 48 40 20 37 8 26 73 73 20 25 27 22 17 20 40 38 15 61 40 47 56 43 32 50
23 8 1 33 7 15 12 63 11 23 20 27 8 40 20 10 67 29 20 29 71 29 20 43 57 32 51 15 20 16 18
11 24 61 55 20 58 61 27 45 17 20 25 59 46 39 33 32 18 4 29 20 19 38 61 11 20 35 25 23 25 20
36 10 1 23 37 20 8 37 3 20 1 52 6 6 24 39 67 7 38 18 4 23 20 7 37 13 23 20 23 40 3
20 44 10 8 25 20 55 16 29 55 39 20 11 65 66 20 27 1 36 29 20 15 71 4 20 63 30 70 17 30 26
63 36 39 32 44 44 20 15 18 12 20 30 8 17 52 20 15 69 26 29 25 20 61 27 23 31 20 37 58 7 21
23 38 46 32 14 36 47 37 46 61 2 23 65 8 20 44 1 50 17 71 20 43 29 13 52 20 30 24 42 11 20
23 36 25 20 24 59 15 20 52 59 58 20 34 15 23 21 46 20 67 36 24 4 44 3 18 57 41 37 6 3 6
44 37 20 56 32 36 21 20 54 31 23 18 6 26 20 58 73 36 20 71 29 39 8 6 20 2 42 45 42 36 20
40 39 61 20 13 35 19 17 54 20 16 7 21 23 20 50 1 36 59 29 20 55 31 62 60 50 29 64 49 13 69
5 29 15 36 20 9 71 52 20 36 62 43 20 32 36 62 37 1 15 61 20 41 63 13 34 11 20 31 24 36 33
28 41 35 41 28 25 20 6 25 27 28 44 20 6 40 57 15 6 5 55 52 4 7 6 63 1 42 39 3 6 2
10 20 8 23 29 5 20 22 12 2 57 20 26 59 66 41 46 28 2 73 25 20 34 12 60 57 42 43 14 18 3
20 18 31 58 20 14 31 5 60 15 20 16 29 17 50 35 19 24 18 6 9 5 14 20 32 37 69 47 20 12 2
54 2 20 21 4 6 47 20 61 13 31 14 20 23 16 16 20 4 36 3 6 12 20 52 44 50 20 28 24 8 4
3 12 47 16 20 47 38 2 44 21 20 41 15 59 15 20 31 70 41 10 20 5 30 11 24 37 20 15 44 17 5
20 7 28 13 23 20 55 32 36 65 20 50 35 15 28 27 59 13 20 37 15 35 20 15 41 10 15 37 20 23 58
1 38 20 33 23 24 20 13 36 6 39 20 8 50 6 55 20 62 65 32 43 21 57 50 37 12 6 20 7 61 46
20 30 24 71 20 26 7 52 20 39 12 40 12 17 11 39 31 51 23 33 36 65 42 33 6 46 48 20 6 13 46
20 29 32 18 20 40 35 14 20 30 73 2 20 7 60 36 24 12 24 20 21 25 61 20 27 39 29 2 20 21 59
38 46 21 54 44 39 5 20 6 8 1 20 43 47 40 28 20 37 2 21 53 17 24 68 5 74 15 46 5 20 57
67 14 62 23 23 37 22 50 31 20 55 35 9 5 25 60 15 27 3 17 52 20 8 3 30 20 27 40 28 15 55
20 36 42 15 7 29 20 40 47 55 30 12 20 23 76 17 20 15 67 18 5 12 42 20 32 41 37 67 20 19 6
16 8 1 33 19 8 21 36 42 32 20 25 40 14 28 37 24 63 58 20 35 30 4 21 27 20 5 37 71 75 65
20 32 19 17 19 4 63 8 27 39 17 20 6 71 38 35 20 52 29 21 20 24 66 44 41 55 18 28 20 58 43
13 27 14 7 20 57 19 60 67 21 20 19 53 55 37 50 20 6 1 41 27 4 20 13 71 17 20 1 42 29 20
32 13 14 33 52 62 20 45 24 9 73 13 20 7 70 70 44 47 3 20 50 40 27 20 15 68 15 20 8 5 67
12 20 23 36 58 15 52 20 50 47 60 69 20 31 41 32 24 27 38 13 47 20 17 7 71 32 31 7 26 32 31
14 1 58 42 3 66 20 65 39 29 30 3 20 23 42 23 46 12 13 24 20 27 46 61 31 20 25 25 12 25 8
20 8 34 36 46 55 20 14 36 52 20 40 23 13 15 20 17 40 54 31 20 12 28 71 12 30 21 36 7 9 20
69 52 7 4 20 39 29 38 23 20 16 58 59 36 36 20 44 38 28 53 43 20 58 50 50 73 61 12 28 36 41
20 5 28 12 20 36 40 41 69 35 15 47 61 13 20 52 7 13 20 1 38 35 24 26 20 8 21 13 20 38 29
15 7 30 23 59 6 52 32 42 20 27 7 6 6 7 20 42 26 11 68 21 57 30 42 20 15 47 16 40 50 61
36 14 20 55 15 5 20 18 29 7 20 21 42 27 20 47 18 39 20 29 33 19 28 20 67 58 70 31 20 23 24
54 63 11 38 58 58 20 41 35 17 20 26 55 41 20 14 65 52 20 71 42 18 20 41 4 31 63 37 20 8 12
14 52 43 20 58 21 47 37 20 43 6 25 27 11 29 20 29 27 71 20 3 6 39 22 58 42 58 42 20 10 2
38 40 20 29 57 28 4 42 13 22 22 67 21 20 26 58 29 39 20 71 7 45 6 28 20 13 29 24 20 4 15
23 31 44 20 61 6 21 17 15 20 15 13 13 20 27 37 12 1 7 42 6 1 36 65 58 70 32 41 18 52 23
20 4 55 2 8 41 20 8 28 50 74 35 52 38 24 36 6 20 15 11 8 4 6 20 43 23 36 25 20 22 50
42 20 36 44 52 38 71 59 39 3 14 23 20 22 41 63 20 57 52 21 14 2 20 28 4 38 1 20 67 76 57
37 20 68 7 12 21 37 20 5 66 35 65 20 6 16 13 47 12 71 71 8 41 20 17 26 19 23 8 20 8 14
35 38 55 47 35 5 46 32 20 59 71 1 50 55 4 35 4 13 27 50 27 21 48 20 55 7 38 6 39 15 5
29 17 20 45 8 46 3 6 70 42 20 7 38 50 18 41 18 20 38 12 5 20 32 32 31 20 46 21 40 7 9
59 42 2 45 1 21 52 20 8 14 22 5 67 20 13 69 12 36 20 30 28 36 20 38 8 13 20 15 4 56 36
14 20 34 6 44 14 15 50 32 20 35 11 55 11 61 26 61 6 40 32 69 64 43 4 36 12 27 12 12 38 1
20 12 32 35 20 36 3 7 66 20 38 12 18 21 52 27 32 35 50 44 71 13 12 4 6 6 41 38 15 52 40
50 35 20 63 66 31 20 7 29 19 28 65 37 26 28 28 18 24 15 17 20 67 8 29 1 35 20 6 60 5 20
32 67 1 43 52 31 20 63 6 35 50 53 10 34 20 25 41 26 40 20 61 6 25 29 37 20 40 27 26 55 35
20 12 1 12 24 20 8 38 12 20 31 27 68 20 23 17 25 10 23 20 44 8 60 42 29 23 1 56 12 20 57
1 32 46 43 20 57 2 38 20 72 36 13 20 59 4 16 27 29 16 25 17 30 32 19 33 3 55 29 35 21 11
12 20 23 36 6 7 29 28 32 28 2 41 65 48 4 5 61 29 37 6 35 6 36 20 71 40 50 8 20 10 39
38 31 4 20 7 12 44 71 63 32 35 8 20 32 7 33 20 67 14 14 40 23 20 21 31 50 20 40 39 67 20
35 29 47 73 11 65 3 37 20 32 29 31 20 23 23 30 68 31 20 67 59 3 63 24 20 32 73 1 6 63 55
26 7 20 44 28 41 38 1 20 40 42 31 73 20 24 36 24 20 23 35 12 20 32 50 5 20 68 50 3 23 52
20 19 53 4 29 46 7 16 20 62 2 38 6 20 15 11 25 7 28 20 5 27 53 4 2 12 37 43 6 2 20
61 54 12 20 7 15 23 17 20 38 39 50 38 20 19 22 39 35 7 4 41 25 20 26 47 73 20 2 2 17 65
45 20 17 11 29 60 20 61 25 16 31 18 20 11 43 30 32 31 20 58 36 12 20 3 10 14 60 28 27 7 27
6 36 56 37 56 4 12 20 12 57 69 23 46 12 57 41 20 12 50 47 32 69 20 26 5 13 23 24 26 57 43
63 20 67 36 7 20 6 28 36 35 20 23 44 13 44 25 20 54 21 24 44 1 20 73 5 50 49 20 39 10 9
20 68 41 4 37 2 51 8 32 28 37 3 42 20 32 18 29 13 20 21 41 32 47 16 20 19 21 47 24 3 19
6 4 20 73 57 33 60 10 20 23 71 31 20 13 64 65 13 30 16 61 36 6 70 28 8 20 57 6 65 1 73
20 2 32 24 20 31 52 65 37 20 32 1 37 32 71 53 39 42 20 7 31 14 57 7 4 8 61 2 24 20 15
55 12 26 3 3 16 21 12 42 20 28 63 65 44 20 61 19 43 62 57 5 37 23 10 23 13 32 31 55 11 66
16 71 21 20 39 30 60 8 16 20 8 21 31 30 23 71 15 17 43 72 20 61 15 60 20 67 2 19 20 30 24
27 20 68 40 36 37 20 36 64 24 73 1 32 7 37 46 52 20 57 15 1 38 20 43 16 47 35 1 73 16 44
15 58 31 71 7 20 52 16 7 36 20 67 57 58 1 20 5 15 30 20 73 37 35 20 23 61 41 20 55 31 57
21 25 4 15 10 20 3 8 1 20 32 32 18 20 24 56 66 27 20 21 18 64 20 52 5 12 54 28 16 18 2
23 50 38 35 3 32 2 20 51 40 58 59 69 1 18 28 17 20 12 39 14 50 20 38 23 37 52 5 20 18 18
10 26 19 26 18 6 67 11 21 6 20 39 8 7 20 24 58 7 21 20 42 21 15 61 21 20 42 15 37 17 20
33 55 39 25 20 14 22 37 57 10 57 43 35 6 60 6 38 56 65 35 20 31 31 61 12 44 5 8 17 42 20
27 24 3 36 24 29 2 20 30 23 36 1 20 15 38 30 30 24 73 36 16 20 12 39 13 20 4 62 25 66 20
37 16 32 60 5 20 25 11 77 41 20 39 50 36 42 5 20 38 15 12 15 20 13 71 3 15 7 20 35 30 5
21 67 22 29 32 15 20 71 16 32 20 8 29 44 20 54 21 42 38 1 28 29 8 28 26 39 20 5 71 36 6
20 50 41 36 17 28 20 15 3 61 31 27 20 28 65 55 65 20 14 1 18 20 23 15 67 50 17 7 52 25 8
36 12 52 24 61 19 20 42 7 39 11 12 20 35 21 15 5 32 35 41 20 32 7 1 73 43 20 12 23 26 36
20 8 3 13 27 16 20 70 36 41 18 20 35 21 8 31 44 20 35 6 25 41 15 40 8 21 67 11 5 14 19
20 73 56 61 35 6 20 57 59 60 20 14 25 73 61 9 20 35 33 41 18 23 70 38 51 1 57 12 45 14 31
56 17 20 21 19 11 39 15 20 67 39 41 20 10 12 41 7 18 38 29 73 40 10 55 67 20 52 43 24 54 20
57 13 29 42 14 41 47 40 20 18 30 1 66 73 20 27 2 18 33 20 34 31 3 20 42 37 11 58 20 1 30
18 57 20 71 13 71 16 39 57 20 8 21 61 38 17 20 41 36 1 37 58 30 3 31 20 38 42 10 9 20 50
26 34 34 47 59 73 73 20 40 2 35 6 6 40 57 30 36 20 15 32 7 11 20 43 6 43 21 34 20 15 5
37 47 13 20 4 30 29 59 6 25 20 65 71 18 51 28 20 12 5 27 17 20 33 73 16 15 63 16 29 8 52
13 8 27 15 8 5 36 20 71 42 14 29 20 26 73 4 5 25 26 32 27 20 26 34 23 41 20 2 2 52 29
2 20 14 66 43 33 20 55 17 13 66 20 17 45 37 20 12 16 52 38 18 20 71 12 27 15 20 7 26 29 74
69 10 13 43 71 45 20 22 60 17 66 21 7 4 31 47 32 1 35 29 20 8 39 3 28 24 20 15 25 61 56
50 20 12 55 2 5 8 20 33 60 8 20 17 35 23 47 18 20 65 14 14 17 29 35 15 27 71 40 16 47 21
13 12 20 44 18 46 8 29 20 29 70 41 10 25 20 36 34 52 39 52 27 59 28 57 25 20 13 74 50 15 32
20 56 41 6 71 20 50 58 66 57 20 25 21 2 21 20 26 7 5 20 26 6 2 74 36 20 28 42 23 41 8
20 26 4 13 64 61 22 25 19 37 4 12 40 57 20 5 62 36 38 8 20 29 36 26 54 44 20 40 37 32 49
58 20 51 42 52 20 15 73 8 36 20 6 30 24 40 20 52 29 52 47 66 59 20 2 32 26 2 20 25 44 30
36 28 53 5 3 71 35 28 63 8 20 12 37 59 15 43 17 3 1 20 4 7 72 23 20 15 67 21 26 58 20
26 6 36 20 57 46 23 20 36 27 27 6 37 6 28 31 20 14 55 10 17 39 20 5 52 31 4 50 20 3 14
40 20 17 46 3 7 23 73 36 28 18 4 20 35 31 17 50 20 23 35 22 20 12 2 56 7 55 8 13 28 13
20 32 26 30 1 20 6 34 22 30 4 20 25 65 15 35 20 9 52 57 35 3 8 15 42 20 13 35 31 35 17
20 57 32 42 42 60 20 27 14 45 15 20 47 47 3 20 63 44 7 21 20 2 15 1 69 15 20 71 7 60 21
13 40 30 20 40 41 47 44 20 55 36 28 17 18 53 7 37 20 14 23 36 35 29 32 55 55 20 41 4 3 14
35 24 4 13 20 4 34 26 32 21 58 20 68 25 23 55 20 10 5 23 35 20 50 18 50 20 14 39 58 53 15
27 62 46 40 20 73 16 60 20 67 72 3 36 7 42 26 21 37 20 52 22 12 14 59 32 9 44 20 11 25 35
27 18 20 75 21 63 21 20 24 4 42 32 37 21 28 55 12 55 1 65 37 30 23 20 43 61 21 22 55 20 47
55 70 73 55 58 14 41 20 42 71 58 13 44 20 1 30 35 70 20 29 55 13 20 16 39 17 20 38 15 58 63
53 20 73 59 38 7 20 21 28 8 50 20 24 44 23 43 4 18 38 2 42 20 14 23 37 52 14 50 6 44 35
36 38 23 44 61 42 44 25 6 34 58 20 8 33 8 20 7 3 18 38 20 50 38 17 20 3 41 8 30 53 20
18 37 41 20 30 73 28 52 20 40 6 23 5 35 20 24 31 3 42 12 15 47 9 32 44 50 7 66 40 20 58
11 7 34 57 14 31 28 27 20 25 3 15 9 31 20 21 38 15 10 23 61 1 24 27 20 42 25 6 14 8 71
15 15 20 46 7 17 20 37 55 35 54 31 20 25 11 61 20 61 21 65 16 33 20 16 17 76 59 20 36 59 42
20 44 55 64 11 13 44 20 36 29 28 16 31 12 8 67 45 20 36 35 61 58 37 20 44 23 27 20 25 35 46
20 61 3 42 2 12 20 35 31 3 20 39 13 50 46 14 36 20 21 18 34 3 43 20 71 12 15 50 21 14 6
20 29 63 66 8 6 20 39 53 61 26 52 20 14 4 26 36 20 57 30 37 20 26 63 42 50 20 35 58 27 58
47 35 53 14 71 44 7 50 20 35 38 24 18 20 55 43 7 6 20 14 29 50 19 35 41 3 30 37 20 53 30
17 20 24 35 17 65 1 20 38 63 29 53 20 50 11 10 34 54 20 14 2 24 18 61 20 31 37 57 11 35 20
28 12 7 14 69 18 11 63 12 50 55 8 34 20 42 6 15 20 62 27 8 2 71 34 18 40 18 17 19 14 17
2 29 67 40 39 20 4 12 71 63 35 12 50 43 7 20 32 6 56 37 13 20 18 61 35 32 10 20 40 22 3
37 20 38 4 25 3 20 14 32 41 20 40 41 71 7 8 15 11 20 21 43 15 53 21 6 12 15 62 7 37 36
6 20 35 57 7 23 15 2 33 41 26 27 70 20 29 41 8 20 42 44 28 20 14 7 23 1 20 13 4 45 25
41 20 12 27 38 20 52 38 52 20 73 68 2 18 20 8 61 28 18 31 27 24 17 15 1 20 50 11 28 24 41
40 1 38 57 20 23 24 54 20 30 31 28 35 20 36 4 8 57 10 20 3 26 37 11 59 13 43 55 13 22 21
71 28 69 20 42 12 34 13 21 20 55 18 19 27 55 55 24 20 29 12 35 55 54 14 13 26 18 17 53 24 20
23 35 7 24 23 21 41 62 20 13 4 44 4 21 25 15 20 17 44 4 20 71 2 18 20 32 58 12 68 20 23
13 7 17 61 17 50 16 24 32 6 7 20 52 32 25 67 40 40 10 17 35 27 71 14 29 35 18 71 42 20 36
4 36 20 8 55 47 57 45 27 30 52 11 20 57 40 61 4 22 20 1 32 25 3 20 60 46 64 36 25 20 62
50 40 20 10 8 37 20 17 17 25 20 27 15 37 27 23 37 3 35 15 34 55 38 3 26 42 17 4 2 13 59
37 27 13 42 41 8 50 42 2 42 4 67 25 71 8 32 32 24 20 21 27 60 39 8 20 17 13 18 32 7 20
23 37 3 20 47 8 34 30 20 38 39 24 25 20 56 6 31 21 20 2 41 26 41 55 20 47 39 6 57 50 45
15 16 20 36 57 13 18 10 15 38 31 36 17 37 37 27 20 52 50 9 40 50 20 18 42 42 20 14 29 29 17
5 27 30 8 57 21 24 18 29 67 20 14 23 29 71 10 20 15 31 25 55 16 20 22 12 21 25 17 12 55 4
2 27 20 16 15 38 18 4 20 14 27 47 39 13 28 5 38 20 11 19 29 18 1 20 1 59 63 36 55 34 21
18 28 1 69 9 4 12 73 14 7 20 55 26 1 29 20 45 17 55 3 54 20 25 1 37 5 6 20 5 41 28
20 3 35 58 31 58 20 1 28 29 20 56 24 67 33 61 20 35 42 37 14 22 15 31 18 9 47 20 64 63 21
46 16 20 64 14 4 14 69 20 12 28 7 20 34 29 17 21 10 27 5 73 11 20 36 4 57 20 8 1 77 63
48 1 51 5 20 44 38 13 66 1 20 18 35 71 4 20 39 37 6 46 20 53 13 28 20 46 15 30 25 61 38
26 7 18 30 20 14 26 13 13 23 20 7 38 56 23 68 4 28 24 23 18 24 20 44 71 21 20 32 24 47 20
31 6 17 28 15 20 7 71 1 20 14 8 5 20 58 37 30 20 41 60 35 12 39 31 17 47 20 35 60 70 2
29 20 32 17 46 14 20 37 18 28 27 28 20 43 1 32 38 56 52 20 16 12 11 4 62 20 37 52 50 31 31
2 36 32 57 20 4 11 59 61 34 42 7 20 52 4 66 7 20 10 19 6 28 35 61 23 66 67 20 64 18 36
28 20 30 19 65 35 8 20 65 61 71 50 42 37 3 20 39 26 61 36 20 37 40 55 41 20 5 1 21 20 21
33 66 20 76 11 32 26 20 43 31 39 20 41 60 37 20 36 67 25 58 23 53 11 37 20 6 9 38 29 18 20
16 31 39 26 12 20 42 51 8 5 30 55 40 30 15 20 35 29 11 39 20 69 44 3 20 55 13 37 20 27 7
36 20 55 55 15 21 20 3 42 35 26 13 20 37 8 42 60 20 15 31 6 29 21 50 73 6 28 24 5 48 2
20 8 71 21 20 21 42 31 2 42 15 26 36 52 20 12 30 62 73 54 36 55 42 20 28 30 22 26 20 71 71
39 20 31 32 37 8 39 20 61 16 43 20 45 11 17 44 20 11 11 62 19 57 39 6 76 32 20 30 29 24 20
50 26 15 32 50 20 27 57 15 3 14 52 8 35 8 20 61 17 12 44 8 20 14 32 15 24 20 31 17 17 13
12 20 40 1 3 20 14 7 1 8 59 35 20 40 65 9 21 57 14 47 8 11 4 22 30 9 27 20 14 73 52
21 7 20 25 24 6 70 14 13 65 15 18 5 25 31 50 23 69 23 20 38 74 61 29 20 70 38 21 16 28 20
6 55 74 35 23 20 71 10 58 36 37 20 1 2 13 42 21 59 42 37 59 32 13 52 23 5 20 52 37 35 19
8 20 31 42 62 36 20 47 3 50 26 7 20 3 2 1 24 20 33 6 7 55 20 18 4 21 2 20 41 58 37
45 6 40 10 70 29 20 60 28 41 70 15 20 6 41 15 29 20 1 15 39 12 31 20 1 29 48 12 8 5 40
67 28 29 14 47 8 71 17 36 2 4 34 40 41 32 19 57 18 20 31 10 23 44 20 50 43 12 1 46 12 71
11 18 31 26 7 37 57 7 38 52 11 20 18 35 26 35 37 20 6 6 25 67 29 55 71 1 60 14 20 1 9
59 1 38 20 38 42 5 6 20 31 59 29 20 17 1 15 55 55 62 20 24 60 63 17 32 59 60 21 29 74 59
4 57 14 13 59 13 14 15 18 28 65 30 20 28 38 18 27 20 44 37 4 4 31 42 27 48 24 40 16 11 14
60 72 20 26 6 32 63 15 20 6 1 13 62 55 20 14 27 41 20 52 60 35 36 21 20 28 37 25 61 20 8
56 25 20 37 4 41 13 36 58 2 20 62 14 52 27 21 1 40 6 50 40 18 7 6 68 11 39 37 20 31 26
15 15 71 20 59 25 30 13 8 65 20 41 47 32 5 20 59 6 3 20 59 30 40 61 16 20 50 36 36 20 3
4 9 20 22 37 7 7 38 31 61 23 8 15 20 39 7 73 20 40 26 18 42 11 8 60 20 21 4 15 31 8
20 25 70 1 36 53 16 1 20 23 11 9 33 29 6 37 24 31 32 55 58 29 35 40 32 13 49 29 20 31 7
16 65 20 7 39 29 14 37 20 10 36 46 59 23 20 18 8 43 20 10 57 4 20 70 2 4 20 12 3 29 8
17 43 70 14 61 67 17 20 25 23 67 43 20 12 40 58 25 20 53 12 26 20 59 33 41 3 63 20 1 18 50
50 20 60 54 13 46 53 20 8 7 42 28 37 37 6 24 50 42 52 17 34 20 71 3 1 52 20 5 13 50 39
37 20 47 43 22 20 65 28 46 35 20 28 38 39 36 19 18 66 71 47 20 5 21 18 50 14 20 27 55 28 60
23 59 36 14 3 42 29 60 27 6 20 29 17 71 7 5 20 25 15 47 47 6 37 35 30 41 20 24 50 21 11
70 20 52 52 14 20 18 21 41 4 6 9 56 20 52 12 5 60 7 26 31 64 34 29 40 20 6 69 5 20 17
18 4 74 31 20 41 41 40 63 59 56 5 20 24 37 15 20 65 43 23 27 17 20 59 32 21 46 20 36 39 32
50 32 54 24 20 43 40 21 17 12 57 20 19 40 3 20 23 69 55 14 8 61 28 50 23 20 28 3 31 20 52
37 62 24 65 63 6 45 27 21 20 64 68 58 29 51 18 21 44 57 20 61 6 4 31 20 73 36 19 12 56 54
1 31 70 57 20 30 2 65 38 20 3 28 73 6 3 6 63 50 42 50 20 44 17 7 20 7 55 17 20 27 17
32 42 31 20 23 34 47 20 15 3 9 20 31 24 15 52 11 20 18 25 28 20 7 1 38 37 33 5 38 7 47
42 51 67 20 63 16 30 6 35 20 18 17 4 20 36 28 36 4 71 20 32 21 12 5 25 20 41 57 32 61 20
42 15 3 20 5 62 42 20 13 3 6 12 7 18 20 21 32 59 20 16 50 37 35 26 21 15 13 20 14 58 21
68 20 53 71 3 65 39 3 42 2 29 42 32 73 26 6 9 20 28 23 5 14 20 42 60 4 59 17 14 73 41
7 15 20 55 63 24 61 41 20 28 29 59 33 21 20 43 40 36 30 48 7 20 31 45 40 20 15 40 32 70 55
23 41 20 40 7 5 11 20 45 1 55 19 29 20 4 3 74 15 20 61 5 14 42 20 25 26 55 58 65 20 10
43 32 27 74 39 16 71 73 18 35 61 31 20 33 17 27 52 32 20 18 26 56 20 4 13 12 24 21 20 37 35
62 5 50 20 47 7 1 41 29 16 15 20 26 31 42 29 47 30 14 41 52 21 74 1 30 32 15 47 43 58 20
28 12 45 16 8 28 67 20 23 30 35 24 15 20 22 58 71 20 56 15 13 55 28 20 13 15 23 54 16 39 19
20 13 12 38 50 27 20 1 1 57 26 76 20 4 73 28 29 31 20 35 24 21 38 23 60 60 58 31 71 67 7
7 20 21 17 37 20 56 16 47 41 37 27 20 3 73 32 11 30 18 53 28 47 67 4 54 27 8 63 71 18 56
57 17 70 20 65 25 12 20 71 58 76 20 21 7 44 23 5 20 28 31 37 21 38 20 15 44 58 73 5 68 20
23 47 23 55 8 20 59 10 6 32 1 20 23 15 12 59 37 67 69 15 20 24 15 43 44 37 20 13 52 36 5
52 28 1 39 29 20 41 38 10 24 26 8 38 38 4 26 31 20 16 42 40 20 27 55 47 44 20 7 68 37 20
10 38 29 66 20 21 8 31 20 21 27 4 20 11 52 39 20 10 37 25 18 27 39 50 13 7 47 21 20 42 57
14 35 30 42 38 8 70 60 39 2 20 61 13 4 1 20 27 2 15 24 19 20 41 37 25 42 15 20 19 64 1
39 20 1 13 36 23 4 6 13 46 52 20 17 53 14 20 73 21 18 20 27 38 61 4 20 42 24 13 20 12 40
31 37 20 23 44 7 39 37 25 73 20 17 38 30 19 20 13 50 42 20 36 24 7 6 1 20 60 15 33 32 23
32 53 24 37 6 23 7 65 39 20 25 70 23 20 35 73 8 32 7 35 53 21 20 32 10 55 20 37 18 33 20
39 2 3 34 4 3 47 39 66 24 29 20 65 2 28 20 52 37 32 72 73 21 4 23 63 23 20 59 21 17 27
20 29 27 57 7 20 29 37 7 39 35 71 8 45 32 43 20 37 3 39 20 13 55 24 39 20 65 62 44 70 10
20 42 53 12 6 20 4 8 41 20 29 58 58 3 18 57 21 52 20 4 8 50 29 35 5 20 12 40 11 20 12
17 39 15 20 34 50 6 7 20 6 6 50 20 7 57 29 7 40 20 24 40 27 25 7 20 41 28 6 34 12 20
26 12 6 42 13 26 40 71 50 63 25 11 7 25 25 4 39 4 67 16 58 32 37 15 20 23 9 35 1 20 67
26 18 20 14 31 59 1 41 42 33 7 63 15 23 6 28 2 23 63 71 12 13 21 20 31 36 30 71 20 41 8
48 1 23 37 6 20 8 29 2 20 2 16 6 29 55 20 55 11 14 42 63 20 7 28 41 20 36 15 10 45 39
20 3 31 55 20 12 50 37 47 20 15 73 19 32 60 44 43 5 12 11 20 32 12 28 20 41 6 16 52 67 20
61 1 67 12 20 32 15 16 20 39 41 14 50 20 32 73 42 1 33 6 20 32 29 30 70 8 47 1 42 30 20
59 12 21 20 7 71 35 28 26 20 36 31 39 20 1 39 47 20 1 31 41 11 59 17 7 41 54 23 13 47 29
20 60 18 1 61 20 3 16 55 20 67 30 32 1 23 20 6 38 24 20 40 46 34 6 20 23 41 52 40 32 20
74 38 18 1 59 50 12 20 29 57 25 15 58 20 25 67 6 12 55 20 15 37 18 14 36 20 69 63 24 46 29
27 19 71 20 7 37 71 54 13 26 28 44 20 36 26 28 39 57 13 34 6 61 26 20 34 23 40 44 20 2 21
35 35 20 21 18 74 8 10 20 11 3 30 20 18 32 13 20 19 32 26 20 4 43 28 7 30 74 10 8 3 7
3 20 27 47 8 9 20 45 23 34 32 55 20 15 21 37 31 20 23 35 30 36 20 5 4 65 50 36 13 30 48
15 20 55 1 11 20 16 57 27 43 33 17 16 50 8 63 61 29 20 19 17 16 20 27 15 50 26 20 23 18 45
26 32 47 50 3 7 20 12 29 70 65 37 3 15 10 2 53 13 6 23 15 4 20 5 25 11 25 3 20 57 31
25 5 13 20 28 5 40 24 12 20 16 26 27 20 44 16 37 13 27 73 22 25 52 64 46 20 6 2 14 23 46
20 38 36 3 61 14 39 24 31 37 20 48 42 18 20 45 76 36 20 57 36 9 37 20 37 37 37 5 19 20 27
41 29 31 14 20 58 15 61 72 57 20 41 6 44 57 36 15 37 14 32 50 20 6 4 17 36 27 32 72 21 18
20 55 3 73 20 3 29 2 20 42 27 3 21 52 57 41 4 20 23 4 7 41 66 26 1 20 38 52 7 8 20
56 69 65 20 31 8 26 3 20 43 4 42 4 65 20 15 23 15 15 14 55 7 38 38 46 61 73 20 27 67 25
20 8 61 36 14 65 20 27 26 8 6 25 20 41 54 41 55 20 26 29 29 20 3 2 29 4 20 22 6 55 54
24 38 33 14 57 17 14 23 3 31 13 60 20 46 8 55 52 60 20 65 15 71 26 20 29 58 5 71 20 29 50
65 36 43 20 4 14 26 11 25 13 31 28 12 55 27 20 10 65 1 41 38 20 12 24 36 17 20 26 11 1 27
20 46 32 39 20 16 57 6 26 27 27 71 52 16 41 35 20 59 61 63 20 9 14 61 20 1 61 13 34 39 17
41 19 20 42 16 42 8 20 41 57 50 38 44 20 11 4 42 20 63 6 16 44 20 30 30 35 16 26 20 13 8
10 70 20 46 32 59 17 20 6 58 33 3 44 16 13 13 20 59 41 29 20 29 46 37 14 17 20 5 23 43 18
20 35 18 71 32 20 8 17 41 20 17 31 37 40 20 14 4 18 44 20 33 25 53 71 37 41 18 20 41 52 12
1 29 20 17 14 15 24 18 16 26 47 27 42 20 35 76 17 37 14 20 12 62 74 20 27 1 22 52 14 20 57
35 24 9 36 55 42 15 67 44 17 7 37 20 10 14 11 16 20 32 17 25 20 58 12 6 20 29 15 18 28 20
60 63 50 70 28 46 8 60 23 24 36 46 16 24 20 33 10 8 3 73 1 2 38 20 31 63 42 14 15 37 52
13 20 34 72 12 20 25 23 14 20 16 33 12 40 20 4 27 28 70 48 20 24 27 21 20 32 37 12 4 71 7
29 20 30 2 40 2 18 20 57 39 14 12 20 7 50 38 36 20 33 55 23 7 58 31 28 16 20 7 27 43 37
20 32 43 11 20 46 31 73 20 44 58 6 20 40 50 70 20 6 59 3 50 12 74 24 33 20 52 44 31 20 21
63 54 30 37 37 20 42 39 35 29 13 54 36 32 63 20 65 57 8 20 42 36 36 28 20 31 27 23 41 37 20
37 12 42 20 36 37 27 26 3 29 7 20 21 12 25 11 26 56 5 20 58 2 37 67 73 24 43 20 66 11 5
25 20 42 71 3 3 60 20 21 24 15 44 19 6 20 42 71 58 20 19 24 25 8 37 20 11 29 57 30 14 19
26 20 30 6 53 20 41 15 23 25 24 20 13 27 57 55 37 25 10 1 34 9 20 6 7 28 61 20 18 1 67
37 52 39 5 25 58 9 28 5 55 12 23 51 20 47 52 13 57 21 20 71 31 37 7 43 20 16 3 6 1 8
20 21 9 27 20 43 6 21 1 24 8 11 3 10 17 57 4 17 20 17 29 12 20 32 24 12 20 37 36 25 20
42 16 29 23 41 6 4 20 2 23 15 71 20 29 64 24 13 11 40 19 4 20 35 43 32 21 65 41 15 4 24
26 8 23 7 3 12 6 22 31 3 16 31 55 14 20 21 10 21 20 59 13 10 71 21 20 17 71 41 20 14 23
12 12 23 20 27 39 53 15 12 36 2 31 42 39 20 6 54 44 71 35 20 55 27 56 15 20 15 67 1 10 6
20 17 11 57 38 60 20 44 15 11 20 8 4 9 65 15 50 5 32 55 32 59 60 20 12 36 28 3 35 18 75
31 1 25 8 31 20 53 23 4 66 45 20 27 9 38 58 25 20 40 30 25 13 19 20 14 70 52 43 20 3 23
16 19 20 57 37 26 21 77 40 71 18 6 28 38 20 43 29 2 41 21 20 23 41 46 44 20 29 18 35 45 41
20 44 50 40 11 25 20 45 6 32 20 1 50 58 39 12 3 44 20 4 34 6 20 14 8 28 15 14 1 12 72
3 20 30 40 29 8 20 6 4 35 30 24 20 1 41 13 59 20 21 40 8 27 20 48 73 4 3 6 20 30 26
52 20 25 41 54 17 1 65 25 40 71 21 35 29 71 20 57 24 70 2 20 59 28 66 50 30 20 30 71 13 20
4 12 21 37 28 20 23 40 31 58 15 28 14 13 15 26 59 30 2 16 20 30 43 33 20 41 8 52 29 32 52
67 42 20 17 42 16 38 6 20 61 15 58 7 20 60 37 27 15 25 20 22 7 7 61 27 20 55 30 3 6 7
60 23 41 12 2 28 11 20 52 39 16 37 73 37 19 20 4 33 71 66 41 20 29 52 60 61 20 71 37 43 37
31 42 32 15 27 69 6 28 23 39 20 28 16 35 28 7 38 18 11 20 11 32 38 4 20 13 37 18 60 23 13
21 13 36 71 35 1 13 32 20 65 27 12 17 50 74 23 20 42 70 28 32 20 65 27 50 33 20 21 25 29 24
20 37 6 31 19 12 20 32 56 32 3 67 10 10 20 30 26 24 20 73 73 3 19 20 50 3 10 20 27 69 1
71 14 8 55 29 55 23 28 23 12 20 35 54 58 20 27 44 13 36 20 31 3 74 20 58 58 7 3 31 6 14
36 15 16 20 17 13 39 50 25 20 71 12 36 55 15 20 31 50 5 24 57 8 16 34 21 65 61 67 8 37 4
29 1 19 58 32 20 26 58 8 71 20 27 25 58 15 63 21 67 28 20 23 37 13 41 60 31 35 20 32 4 13
54 27 42 6 20 9 37 12 43 20 1 63 25 20 15 42 58 8 29 20 2 35 8 63 71 24 29 30 16 27 67
24 20 40 62 23 59 40 55 34 17 73 16 17 50 25 12 30 13 4 20 34 6 15 6 44 20 41 65 61 11 42
20 60 73 13 16 14 20 28 35 23 20 45 39 23 60 20 29 23 4 44 28 8 4 20 15 41 32 20 29 23 15
57 20 73 41 39 60 20 23 17 16 37 28 20 21 25 41 45 59 5 34 24 20 3 53 73 31 16 20 6 52 6
20 12 4 33 20 27 4 15 5 17 12 67 43 33 42 7 15 22 13 20 32 28 5 13 20 36 29 52 37 37 20
4 21 57 20 4 32 60 22 47 20 6 12 55 3 43 43 5 35 2 20 35 73 55 20 18 6 57 29 36 31 39
18 17 32 20 40 35 42 31 53 21 11 24 20 3 15 17 20 16 7 7 20 6 11 46 38 20 32 56 21 59 28
20 15 61 32 28 47 17 57 20 15 13 38 25 57 20 41 42 24 56 20 50 55 67 20 27 3 12 21 28 13 2
29 14 20 63 31 58 16 20 17 30 55 30 12 3 50 12 20 27 37 46 20 29 23 21 26 71 23 13 5 25 32
37 8 32 67 43 32 23 7 50 30 42 24 28 65 36 20 30 73 22 20 29 18 13 58 20 53 42 23 28 20 36
3 42 7 39 20 65 15 23 20 19 32 36 36 50 7 65 61 50 39 45 12 57 20 46 25 6 3 69 20 31 4
59 3 20 31 57 7 23 20 15 26 73 46 20 41 23 13 65 37 32 52 29 20 35 50 37 5 23 52 23 58 62
20 14 50 59 55 20 39 18 13 48 13 11 29 31 20 50 30 50 63 70 6 58 20 68 67 23 65 12 20 1 52
39 6 35 23 24 10 39 9 63 46 6 4 20 32 47 6 31 38 20 13 25 37 30 20 26 38 56 31 20 14 32
57 47 20 9 32 35 10 20 38 62 34 2 20 23 14 57 28 30 20 3 25 28 31 6 33 37 20 37 13 2 57
20 17 2 13 57 53 30 21 13 56 20 12 37 31 62 1 20 39 40 5 20 12 33 7 15 20 42 47 13 15 31
20 41 60 4 20 37 21 61 21 50 20 17 19 16 1 23 7 32 41 45 20 71 67 4 8 11 20 31 42 58 16
36 42 45 20 12 63 16 66 20 9 70 40 23 20 38 14 29 12 23 47 23 20 3 63 24 20 13 55 8 20 4
37 1 20 43 68 57 10 20 1 17 5 20 2 8 12 1 2 2 20 34 10 7 42 20 18 16 18 20 21 13 58
5 20 73 59 3 20 4 4 33 20 36 10 12 52 20 36 44 16 4 15 37 20 3 53 39 28 32 20 35 28 4
31 13 57 32 48 20 15 50 32 20 57 6 4 34 22 20 7 59 42 32 63 20 4 13 36 37 3 4 38 20 42
60 10 15 7 20 8 11 29 20 32 28 30 16 35 20 55 55 60 71 40 4 60 37 27 20 24 62 44 14 16 20
32 73 7 1 57 20 17 23 68 25 20 67 52 52 25 5 20 58 15 32 15 20 21 16 8 32 52 16 29 6 23
7 35 20 66 27 50 37 20 17 52 18 12 13 23 42 37 41 25 20 37 25 45 4 20 2 40 11 4 3 20 30
37 29 37 21 43 55 27 43 62 20 21 13 1 20 31 47 21 35 40 20 11 7 60 50 60 20 7 16 37 15 20
18 18 76 3 38 20 12 4 24 13 20 43 50 28 55 20 11 44 33 23 32 2 59 31 20 55 6 7 13 36 20
14 32 4 2 42 20 46 7 42 43 32 6 4 36 20 70 61 55 38 33 71 59 13 65 55 20 65 7 50 34 40
20 28 17 62 20 74 4 24 24 28 26 8 27 50 20 57 4 65 23 36 20 27 67 29 8 14 23 23 67 20 2
27 27 37 66 13 65 5 41 71 21 32 10 19 38 3 73 65 36 10 20 10 6 4 42 3 20 24 32 35 38 20
1 4 69 18 12 33 8 30 20 16 30 21 40 23 7 50 20 15 1 12 71 20 64 70 29 20 25 42 52 20 23
44 6 20 27 15 13 36 6 6 39 21 20 3 6 65 42 31 20 23 47 9 58 26 20 60 38 12 20 35 15 33
26 57 20 23 67 57 20 37 23 7 63 20 58 15 18 43 6 20 7 74 55 60 31 70 13 10 53 71 61 16 6
60 12 3 20 15 8 69 20 31 40 12 24 35 38 13 11 31 20 13 38 5 71 20 50 42 9 15 65 12 16 25
61 20 9 36 65 17 20 6 71 44 13 69 20 27 2 71 63 3 20 21 37 31 23 33 6 47 29 13 31 8 20
50 40 44 54 20 21 50 18 20 57 48 13 53 20 18 40 23 37 4 20 30 7 60 8 62 20 23 8 26 73 23
5 18 20 3 70 46 13 24 41 44 20 1 6 2 29 20 15 1 55 15 72 10 27 35 34 29 47 20 50 49 44
20 73 35 50 20 18 11 38 16 20 2 63 23 20 36 44 73 63 14 27 7 12 20 8 28 1 7 20 61 13 24
47 20 27 18 55 4 16 52 38 34 26 59 39 71 20 23 13 38 15 20 3 32 23 17 20 7 8 45 52 18 20
57 29 56 41 60 20 25 21 61 20 3 24 50 28 20 29 6 40 13 41 24 23 20 45 70 44 20 12 6 52 43
44 20 41 46 27 62 39 20 36 50 28 3 17 25 20 16 11 46 11 39 20 23 18 16 20 36 11 32 33 7 20
22 14 31 24 20 44 31 2 17 47 20 36 25 14 3 61 20 31 8 35 4 3 40 10 20 29 50 18 69 20 42
3 7 20 47 14 60 20 50 3 10 38 57 34 40 14 20 37 55 16 70 21 20 34 13 71 32 20 2 18 2 10
31 20 26 13 8 20 5 35 4 45 20 29 30 44 36 58 63 60 52 25 41 13 10 61 35 20 26 4 12 42 13
25 4 57 46 26 20 1 50 7 15 20 43 40 6 50 20 24 41 26 17 42 20 16 3 35 21 41 20 71 59 32
40 52 4 5 36 21 20 4 65 41 25 11 20 71 28 36 54 65 2 73 55 72 20 71 2 8 20 57 32 54 7
20 50 55 11 14 20 17 5 8 8 63 20 35 72 50 56 20 31 8 51 20 41 15 57 13 20 63 34 3 58 28
3 52 45 4 20 71 12 71 63 50 20 24 53 21 16 20 3 11 4 25 15 59 32 30 20 21 31 12 24 4 20
33 41 3 20 31 47 16 20 11 34 43 29 37 20 52 14 58 41 12 40 5 20 47 36 44 1 42 20 37 23 41
20 57 3 23 50 20 11 4 37 16 21 32 19 45 2 20 8 34 21 1 24 32 2 45 16 41 25 20 17 28 57
37 37 20 50 18 52 41 50 65 20 35 13 57 20 19 45 40 23 54 20 54 34 39 21 20 23 28 18 64 44 66
41 17 50 42 42 20 2 38 23 46 1 65 49 27 21 16 36 20 67 30 23 24 19 38 36 50 21 4 11 19 40
69 57 36 20 15 58 3 20 68 70 17 20 35 41 12 46 20 47 9 50 20 34 25 59 7 37 32 16 61 36 66
13 46 58 24 11 11 14 36 30 10 41 50 20 67 44 36 53 20 13 15 31 20 8 46 50 20 41 28 27 20 63
35 14 7 8 20 15 27 73 20 7 38 23 32 35 20 73 64 41 13 25 32 4 8 21 47 55 11 20 73 21 4
44 13 20 65 7 29 38 20 6 1 14 32 20 13 16 73 15 20 37 38 42 20 10 7 31 42 57 20 6 31 70
38 8 50 61 15 20 36 52 58 28 67 20 41 27 21 15 28 20 28 34 41 15 20 17 4 32 12 39 15 22 3
8 13 25 29 36 20 8 69 41 15 3 20 4 37 35 22 41 20 15 3 38 64 7 61 43 6 30 20 56 8 39
35 21 20 3 6 8 71 20 18 44 39 7 55 20 21 17 22 40 20 17 5 35 47 36 20 28 71 36 44 6 1
71 20 54 31 14 32 29 20 40 31 11 12 11 52 49 20 8 21 18 23 61 20 31 67 8 43 20 14 25 8 20
24 17 72 20 29 14 52 20 58 36 31 7 20 55 31 11 44 23 4 59 20 55 44 43 18 20 28 11 21 20 7
14 42 43 20 12 63 35 63 20 39 8 13 20 43 1 6 20 31 6 46 4 26 20 36 55 1 43 37 72 24 24
58 14 52 59 66 40 21 4 38 20 17 22 4 24 20 21 26 49 20 4 16 32 35 46 15 66 27 40 12 7 23
21 15 3 35 27 70 62 37 20 55 12 43 6 3 24 37 20 35 52 23 20 42 4 12 20 8 23 25 15 20 42
47 58 55 20 46 5 1 7 37 73 20 19 3 17 20 31 57 12 26 20 41 23 7 7 37 41 18 29 20 29 53
1 61 71 11 17 40 20 24 61 42 27 43 26 44 61 20 40 5 12 20 29 69 26 7 31 27 30 23 20 31 32
73 67 29 20 46 63 7 20 16 28 5 36 43 20 50 32 71 20 22 12 54 21 46 20 31 55 22 43 46 20 71
50 10 14 44 20 29 7 30 18 27 29 67 20 14 36 25 7 28 61 4 41 63 52 22 31 21 15 19 21 44 20
24 1 27 65 20 40 9 41 55 52 35 7 49 16 30 14 23 38 4 20 6 38 31 47 20 32 27 41 20 15 42
28 36 57 20 13 55 25 25 11 20 22 41 15 30 33 32 18 36 20 62 63 15 20 27 35 44 15 50 20 37 23
5 31 20 5 74 55 15 4 20 1 40 1 20 12 18 70 26 2 4 11 13 20 1 21 39 24 59 63 17 7 40
44 10 70 40 1 6 18 13 20 68 61 40 40 60 44 18 47 25 36 20 63 41 57 2 20 27 60 23 20 57 69
4 52 20 37 37 2 43 63 73 11 56 20 14 31 6 56 20 3 54 24 24 20 26 47 1 20 63 40 18 11 34
20 39 28 26 7 17 53 73 20 5 47 14 36 35 42 5 45 31 33 20 50 15 44 20 55 40 13 17 68 20 71
32 23 28 38 3 30 13 20 22 15 7 16 54 20 39 58 8 21 20 4 1 55 14 35 14 70 7 36 7 20 68
16 37 15 61 61 36 57 20 36 12 65 19 31 20 12 1 11 2 42 20 71 47 13 41 62 16 42 39 14 2 20
73 19 8 30 7 20 50 30 15 59 20 23 6 4 20 71 59 30 37 20 26 33 17 23 46 44 37 73 20 23 63
17 39 20 59 25 24 31 37 4 44 54 20 1 25 18 18 24 20 61 28 25 73 22 20 35 15 69 6 38 20 6
